0.000000 	 nan 
0.000100 	 -0.099749 
0.000200 	 -0.099750 
0.000300 	 -0.099750 
0.000400 	 -0.099751 
0.000500 	 -0.099752 
0.000600 	 -0.099753 
0.000700 	 -0.099754 
0.000800 	 -0.099755 
0.000900 	 -0.099757 
0.001000 	 -0.099759 
0.001100 	 -0.099761 
0.001200 	 -0.099763 
0.001300 	 -0.099765 
0.001400 	 -0.099768 
0.001500 	 -0.099771 
0.001600 	 -0.099774 
0.001700 	 -0.099777 
0.001800 	 -0.099780 
0.001900 	 -0.099784 
0.002000 	 -0.099787 
0.002100 	 -0.099791 
0.002200 	 -0.099795 
0.002300 	 -0.099800 
0.002400 	 -0.099804 
0.002500 	 -0.099809 
0.002600 	 -0.099814 
0.002700 	 -0.099819 
0.002800 	 -0.099824 
0.002900 	 -0.099830 
0.003000 	 -0.099835 
0.003100 	 -0.099841 
0.003200 	 -0.099847 
0.003300 	 -0.099853 
0.003400 	 -0.099860 
0.003500 	 -0.099866 
0.003600 	 -0.099873 
0.003700 	 -0.099880 
0.003800 	 -0.099887 
0.003900 	 -0.099895 
0.004000 	 -0.099902 
0.004100 	 -0.099910 
0.004200 	 -0.099918 
0.004300 	 -0.099926 
0.004400 	 -0.099934 
0.004500 	 -0.099943 
0.004600 	 -0.099951 
0.004700 	 -0.099960 
0.004800 	 -0.099969 
0.004900 	 -0.099979 
0.005000 	 -0.099988 
0.005100 	 -0.099998 
0.005200 	 -0.100008 
0.005300 	 -0.100018 
0.005400 	 -0.100028 
0.005500 	 -0.100038 
0.005600 	 -0.100049 
0.005700 	 -0.100060 
0.005800 	 -0.100071 
0.005900 	 -0.100082 
0.006000 	 -0.100093 
0.006100 	 -0.100105 
0.006200 	 -0.100116 
0.006300 	 -0.100128 
0.006400 	 -0.100140 
0.006500 	 -0.100153 
0.006600 	 -0.100165 
0.006700 	 -0.100178 
0.006800 	 -0.100191 
0.006900 	 -0.100204 
0.007000 	 -0.100217 
0.007100 	 -0.100231 
0.007200 	 -0.100244 
0.007300 	 -0.100258 
0.007400 	 -0.100272 
0.007500 	 -0.100286 
0.007600 	 -0.100301 
0.007700 	 -0.100315 
0.007800 	 -0.100330 
0.007900 	 -0.100345 
0.008000 	 -0.100360 
0.008100 	 -0.100376 
0.008200 	 -0.100391 
0.008300 	 -0.100407 
0.008400 	 -0.100423 
0.008500 	 -0.100439 
0.008600 	 -0.100455 
0.008700 	 -0.100472 
0.008800 	 -0.100488 
0.008900 	 -0.100505 
0.009000 	 -0.100522 
0.009100 	 -0.100540 
0.009200 	 -0.100557 
0.009300 	 -0.100575 
0.009400 	 -0.100592 
0.009500 	 -0.100610 
0.009600 	 -0.100629 
0.009700 	 -0.100647 
0.009800 	 -0.100666 
0.009900 	 -0.100684 
0.010000 	 -0.100703 
0.010100 	 -0.100722 
0.010200 	 -0.100742 
0.010300 	 -0.100761 
0.010400 	 -0.100781 
0.010500 	 -0.100801 
0.010600 	 -0.100821 
0.010700 	 -0.100841 
0.010800 	 -0.100862 
0.010900 	 -0.100882 
0.011000 	 -0.100903 
0.011100 	 -0.100924 
0.011200 	 -0.100946 
0.011300 	 -0.100967 
0.011400 	 -0.100989 
0.011500 	 -0.101010 
0.011600 	 -0.101032 
0.011700 	 -0.101054 
0.011800 	 -0.101077 
0.011900 	 -0.101099 
0.012000 	 -0.101122 
0.012100 	 -0.101145 
0.012200 	 -0.101168 
0.012300 	 -0.101191 
0.012400 	 -0.101215 
0.012500 	 -0.101238 
0.012600 	 -0.101262 
0.012700 	 -0.101286 
0.012800 	 -0.101311 
0.012900 	 -0.101335 
0.013000 	 -0.101360 
0.013100 	 -0.101384 
0.013200 	 -0.101409 
0.013300 	 -0.101435 
0.013400 	 -0.101460 
0.013500 	 -0.101485 
0.013600 	 -0.101511 
0.013700 	 -0.101537 
0.013800 	 -0.101563 
0.013900 	 -0.101590 
0.014000 	 -0.101616 
0.014100 	 -0.101643 
0.014200 	 -0.101670 
0.014300 	 -0.101697 
0.014400 	 -0.101724 
0.014500 	 -0.101751 
0.014600 	 -0.101779 
0.014700 	 -0.101807 
0.014800 	 -0.101835 
0.014900 	 -0.101863 
0.015000 	 -0.101891 
0.015100 	 -0.101920 
0.015200 	 -0.101948 
0.015300 	 -0.101977 
0.015400 	 -0.102006 
0.015500 	 -0.102036 
0.015600 	 -0.102065 
0.015700 	 -0.102095 
0.015800 	 -0.102124 
0.015900 	 -0.102155 
0.016000 	 -0.102185 
0.016100 	 -0.102215 
0.016200 	 -0.102246 
0.016300 	 -0.102276 
0.016400 	 -0.102307 
0.016500 	 -0.102339 
0.016600 	 -0.102370 
0.016700 	 -0.102401 
0.016800 	 -0.102433 
0.016900 	 -0.102465 
0.017000 	 -0.102497 
0.017100 	 -0.102529 
0.017200 	 -0.102562 
0.017300 	 -0.102594 
0.017400 	 -0.102627 
0.017500 	 -0.102660 
0.017600 	 -0.102693 
0.017700 	 -0.102727 
0.017800 	 -0.102760 
0.017900 	 -0.102794 
0.018000 	 -0.102828 
0.018100 	 -0.102862 
0.018200 	 -0.102896 
0.018300 	 -0.102931 
0.018400 	 -0.102965 
0.018500 	 -0.103000 
0.018600 	 -0.103035 
0.018700 	 -0.103070 
0.018800 	 -0.103106 
0.018900 	 -0.103141 
0.019000 	 -0.103177 
0.019100 	 -0.103213 
0.019200 	 -0.103249 
0.019300 	 -0.103285 
0.019400 	 -0.103322 
0.019500 	 -0.103358 
0.019600 	 -0.103395 
0.019700 	 -0.103432 
0.019800 	 -0.103469 
0.019900 	 -0.103507 
0.020000 	 -0.103544 
0.020100 	 -0.103582 
0.020200 	 -0.103620 
0.020300 	 -0.103658 
0.020400 	 -0.103696 
0.020500 	 -0.103735 
0.020600 	 -0.103774 
0.020700 	 -0.103812 
0.020800 	 -0.103852 
0.020900 	 -0.103891 
0.021000 	 -0.103930 
0.021100 	 -0.103970 
0.021200 	 -0.104009 
0.021300 	 -0.104049 
0.021400 	 -0.104089 
0.021500 	 -0.104130 
0.021600 	 -0.104170 
0.021700 	 -0.104211 
0.021800 	 -0.104252 
0.021900 	 -0.104293 
0.022000 	 -0.104334 
0.022100 	 -0.104375 
0.022200 	 -0.104417 
0.022300 	 -0.104459 
0.022400 	 -0.104501 
0.022500 	 -0.104543 
0.022600 	 -0.104585 
0.022700 	 -0.104627 
0.022800 	 -0.104670 
0.022900 	 -0.104713 
0.023000 	 -0.104756 
0.023100 	 -0.104799 
0.023200 	 -0.104843 
0.023300 	 -0.104886 
0.023400 	 -0.104930 
0.023500 	 -0.104974 
0.023600 	 -0.105018 
0.023700 	 -0.105062 
0.023800 	 -0.105106 
0.023900 	 -0.105151 
0.024000 	 -0.105196 
0.024100 	 -0.105241 
0.024200 	 -0.105286 
0.024300 	 -0.105331 
0.024400 	 -0.105377 
0.024500 	 -0.105423 
0.024600 	 -0.105468 
0.024700 	 -0.105514 
0.024800 	 -0.105561 
0.024900 	 -0.105607 
0.025000 	 -0.105654 
0.025100 	 -0.105700 
0.025200 	 -0.105747 
0.025300 	 -0.105794 
0.025400 	 -0.105842 
0.025500 	 -0.105889 
0.025600 	 -0.105937 
0.025700 	 -0.105985 
0.025800 	 -0.106033 
0.025900 	 -0.106081 
0.026000 	 -0.106129 
0.026100 	 -0.106178 
0.026200 	 -0.106226 
0.026300 	 -0.106275 
0.026400 	 -0.106324 
0.026500 	 -0.106374 
0.026600 	 -0.106423 
0.026700 	 -0.106473 
0.026800 	 -0.106522 
0.026900 	 -0.106572 
0.027000 	 -0.106622 
0.027100 	 -0.106673 
0.027200 	 -0.106723 
0.027300 	 -0.106774 
0.027400 	 -0.106824 
0.027500 	 -0.106875 
0.027600 	 -0.106927 
0.027700 	 -0.106978 
0.027800 	 -0.107029 
0.027900 	 -0.107081 
0.028000 	 -0.107133 
0.028100 	 -0.107185 
0.028200 	 -0.107237 
0.028300 	 -0.107290 
0.028400 	 -0.107342 
0.028500 	 -0.107395 
0.028600 	 -0.107448 
0.028700 	 -0.107501 
0.028800 	 -0.107554 
0.028900 	 -0.107607 
0.029000 	 -0.107661 
0.029100 	 -0.107715 
0.029200 	 -0.107769 
0.029300 	 -0.107823 
0.029400 	 -0.107877 
0.029500 	 -0.107931 
0.029600 	 -0.107986 
0.029700 	 -0.108041 
0.029800 	 -0.108096 
0.029900 	 -0.108151 
0.030000 	 -0.108206 
0.030100 	 -0.108262 
0.030200 	 -0.108317 
0.030300 	 -0.108373 
0.030400 	 -0.108429 
0.030500 	 -0.108485 
0.030600 	 -0.108542 
0.030700 	 -0.108598 
0.030800 	 -0.108655 
0.030900 	 -0.108712 
0.031000 	 -0.108769 
0.031100 	 -0.108826 
0.031200 	 -0.108883 
0.031300 	 -0.108941 
0.031400 	 -0.108998 
0.031500 	 -0.109056 
0.031600 	 -0.109114 
0.031700 	 -0.109172 
0.031800 	 -0.109231 
0.031900 	 -0.109289 
0.032000 	 -0.109348 
0.032100 	 -0.109407 
0.032200 	 -0.109466 
0.032300 	 -0.109525 
0.032400 	 -0.109584 
0.032500 	 -0.109644 
0.032600 	 -0.109704 
0.032700 	 -0.109763 
0.032800 	 -0.109823 
0.032900 	 -0.109884 
0.033000 	 -0.109944 
0.033100 	 -0.110004 
0.033200 	 -0.110065 
0.033300 	 -0.110126 
0.033400 	 -0.110187 
0.033500 	 -0.110248 
0.033600 	 -0.110310 
0.033700 	 -0.110371 
0.033800 	 -0.110433 
0.033900 	 -0.110495 
0.034000 	 -0.110557 
0.034100 	 -0.110619 
0.034200 	 -0.110681 
0.034300 	 -0.110744 
0.034400 	 -0.110806 
0.034500 	 -0.110869 
0.034600 	 -0.110932 
0.034700 	 -0.110995 
0.034800 	 -0.111059 
0.034900 	 -0.111122 
0.035000 	 -0.111186 
0.035100 	 -0.111250 
0.035200 	 -0.111314 
0.035300 	 -0.111378 
0.035400 	 -0.111442 
0.035500 	 -0.111507 
0.035600 	 -0.111571 
0.035700 	 -0.111636 
0.035800 	 -0.111701 
0.035900 	 -0.111766 
0.036000 	 -0.111832 
0.036100 	 -0.111897 
0.036200 	 -0.111963 
0.036300 	 -0.112028 
0.036400 	 -0.112094 
0.036500 	 -0.112160 
0.036600 	 -0.112227 
0.036700 	 -0.112293 
0.036800 	 -0.112360 
0.036900 	 -0.112426 
0.037000 	 -0.112493 
0.037100 	 -0.112560 
0.037200 	 -0.112628 
0.037300 	 -0.112695 
0.037400 	 -0.112763 
0.037500 	 -0.112830 
0.037600 	 -0.112898 
0.037700 	 -0.112966 
0.037800 	 -0.113034 
0.037900 	 -0.113103 
0.038000 	 -0.113171 
0.038100 	 -0.113240 
0.038200 	 -0.113309 
0.038300 	 -0.113377 
0.038400 	 -0.113447 
0.038500 	 -0.113516 
0.038600 	 -0.113585 
0.038700 	 -0.113655 
0.038800 	 -0.113725 
0.038900 	 -0.113795 
0.039000 	 -0.113865 
0.039100 	 -0.113935 
0.039200 	 -0.114005 
0.039300 	 -0.114076 
0.039400 	 -0.114146 
0.039500 	 -0.114217 
0.039600 	 -0.114288 
0.039700 	 -0.114359 
0.039800 	 -0.114431 
0.039900 	 -0.114502 
0.040000 	 -0.114574 
0.040100 	 -0.114645 
0.040200 	 -0.114717 
0.040300 	 -0.114789 
0.040400 	 -0.114862 
0.040500 	 -0.114934 
0.040600 	 -0.115007 
0.040700 	 -0.115079 
0.040800 	 -0.115152 
0.040900 	 -0.115225 
0.041000 	 -0.115298 
0.041100 	 -0.115372 
0.041200 	 -0.115445 
0.041300 	 -0.115519 
0.041400 	 -0.115592 
0.041500 	 -0.115666 
0.041600 	 -0.115740 
0.041700 	 -0.115814 
0.041800 	 -0.115889 
0.041900 	 -0.115963 
0.042000 	 -0.116038 
0.042100 	 -0.116113 
0.042200 	 -0.116188 
0.042300 	 -0.116263 
0.042400 	 -0.116338 
0.042500 	 -0.116413 
0.042600 	 -0.116489 
0.042700 	 -0.116565 
0.042800 	 -0.116641 
0.042900 	 -0.116717 
0.043000 	 -0.116793 
0.043100 	 -0.116869 
0.043200 	 -0.116945 
0.043300 	 -0.117022 
0.043400 	 -0.117099 
0.043500 	 -0.117176 
0.043600 	 -0.117253 
0.043700 	 -0.117330 
0.043800 	 -0.117407 
0.043900 	 -0.117485 
0.044000 	 -0.117562 
0.044100 	 -0.117640 
0.044200 	 -0.117718 
0.044300 	 -0.117796 
0.044400 	 -0.117874 
0.044500 	 -0.117952 
0.044600 	 -0.118031 
0.044700 	 -0.118109 
0.044800 	 -0.118188 
0.044900 	 -0.118267 
0.045000 	 -0.118346 
0.045100 	 -0.118425 
0.045200 	 -0.118505 
0.045300 	 -0.118584 
0.045400 	 -0.118664 
0.045500 	 -0.118744 
0.045600 	 -0.118824 
0.045700 	 -0.118904 
0.045800 	 -0.118984 
0.045900 	 -0.119064 
0.046000 	 -0.119145 
0.046100 	 -0.119225 
0.046200 	 -0.119306 
0.046300 	 -0.119387 
0.046400 	 -0.119468 
0.046500 	 -0.119549 
0.046600 	 -0.119630 
0.046700 	 -0.119712 
0.046800 	 -0.119793 
0.046900 	 -0.119875 
0.047000 	 -0.119957 
0.047100 	 -0.120039 
0.047200 	 -0.120121 
0.047300 	 -0.120204 
0.047400 	 -0.120286 
0.047500 	 -0.120369 
0.047600 	 -0.120451 
0.047700 	 -0.120534 
0.047800 	 -0.120617 
0.047900 	 -0.120700 
0.048000 	 -0.120783 
0.048100 	 -0.120867 
0.048200 	 -0.120950 
0.048300 	 -0.121034 
0.048400 	 -0.121118 
0.048500 	 -0.121202 
0.048600 	 -0.121286 
0.048700 	 -0.121370 
0.048800 	 -0.121454 
0.048900 	 -0.121539 
0.049000 	 -0.121623 
0.049100 	 -0.121708 
0.049200 	 -0.121793 
0.049300 	 -0.121878 
0.049400 	 -0.121963 
0.049500 	 -0.122048 
0.049600 	 -0.122134 
0.049700 	 -0.122219 
0.049800 	 -0.122305 
0.049900 	 -0.122391 
0.050000 	 -0.122477 
0.050100 	 -0.122563 
0.050200 	 -0.122649 
0.050300 	 -0.122735 
0.050400 	 -0.122822 
0.050500 	 -0.122908 
0.050600 	 -0.122995 
0.050700 	 -0.123082 
0.050800 	 -0.123169 
0.050900 	 -0.123256 
0.051000 	 -0.123343 
0.051100 	 -0.123430 
0.051200 	 -0.123518 
0.051300 	 -0.123605 
0.051400 	 -0.123693 
0.051500 	 -0.123781 
0.051600 	 -0.123869 
0.051700 	 -0.123957 
0.051800 	 -0.124045 
0.051900 	 -0.124134 
0.052000 	 -0.124222 
0.052100 	 -0.124311 
0.052200 	 -0.124400 
0.052300 	 -0.124488 
0.052400 	 -0.124577 
0.052500 	 -0.124667 
0.052600 	 -0.124756 
0.052700 	 -0.124845 
0.052800 	 -0.124935 
0.052900 	 -0.125024 
0.053000 	 -0.125114 
0.053100 	 -0.125204 
0.053200 	 -0.125294 
0.053300 	 -0.125384 
0.053400 	 -0.125474 
0.053500 	 -0.125564 
0.053600 	 -0.125655 
0.053700 	 -0.125746 
0.053800 	 -0.125836 
0.053900 	 -0.125927 
0.054000 	 -0.126018 
0.054100 	 -0.126109 
0.054200 	 -0.126200 
0.054300 	 -0.126292 
0.054400 	 -0.126383 
0.054500 	 -0.126475 
0.054600 	 -0.126566 
0.054700 	 -0.126658 
0.054800 	 -0.126750 
0.054900 	 -0.126842 
0.055000 	 -0.126934 
0.055100 	 -0.127026 
0.055200 	 -0.127119 
0.055300 	 -0.127211 
0.055400 	 -0.127304 
0.055500 	 -0.127396 
0.055600 	 -0.127489 
0.055700 	 -0.127582 
0.055800 	 -0.127675 
0.055900 	 -0.127768 
0.056000 	 -0.127862 
0.056100 	 -0.127955 
0.056200 	 -0.128049 
0.056300 	 -0.128142 
0.056400 	 -0.128236 
0.056500 	 -0.128330 
0.056600 	 -0.128424 
0.056700 	 -0.128518 
0.056800 	 -0.128612 
0.056900 	 -0.128706 
0.057000 	 -0.128801 
0.057100 	 -0.128895 
0.057200 	 -0.128990 
0.057300 	 -0.129085 
0.057400 	 -0.129179 
0.057500 	 -0.129274 
0.057600 	 -0.129369 
0.057700 	 -0.129465 
0.057800 	 -0.129560 
0.057900 	 -0.129655 
0.058000 	 -0.129751 
0.058100 	 -0.129846 
0.058200 	 -0.129942 
0.058300 	 -0.130038 
0.058400 	 -0.130134 
0.058500 	 -0.130230 
0.058600 	 -0.130326 
0.058700 	 -0.130422 
0.058800 	 -0.130519 
0.058900 	 -0.130615 
0.059000 	 -0.130712 
0.059100 	 -0.130808 
0.059200 	 -0.130905 
0.059300 	 -0.131002 
0.059400 	 -0.131099 
0.059500 	 -0.131196 
0.059600 	 -0.131293 
0.059700 	 -0.131390 
0.059800 	 -0.131488 
0.059900 	 -0.131585 
0.060000 	 -0.131683 
0.060100 	 -0.131781 
0.060200 	 -0.131878 
0.060300 	 -0.131976 
0.060400 	 -0.132074 
0.060500 	 -0.132172 
0.060600 	 -0.132271 
0.060700 	 -0.132369 
0.060800 	 -0.132467 
0.060900 	 -0.132566 
0.061000 	 -0.132664 
0.061100 	 -0.132763 
0.061200 	 -0.132862 
0.061300 	 -0.132961 
0.061400 	 -0.133060 
0.061500 	 -0.133159 
0.061600 	 -0.133258 
0.061700 	 -0.133357 
0.061800 	 -0.133456 
0.061900 	 -0.133556 
0.062000 	 -0.133655 
0.062100 	 -0.133755 
0.062200 	 -0.133855 
0.062300 	 -0.133955 
0.062400 	 -0.134054 
0.062500 	 -0.134154 
0.062600 	 -0.134255 
0.062700 	 -0.134355 
0.062800 	 -0.134455 
0.062900 	 -0.134555 
0.063000 	 -0.134656 
0.063100 	 -0.134756 
0.063200 	 -0.134857 
0.063300 	 -0.134958 
0.063400 	 -0.135059 
0.063500 	 -0.135159 
0.063600 	 -0.135260 
0.063700 	 -0.135362 
0.063800 	 -0.135463 
0.063900 	 -0.135564 
0.064000 	 -0.135665 
0.064100 	 -0.135767 
0.064200 	 -0.135868 
0.064300 	 -0.135970 
0.064400 	 -0.136072 
0.064500 	 -0.136173 
0.064600 	 -0.136275 
0.064700 	 -0.136377 
0.064800 	 -0.136479 
0.064900 	 -0.136581 
0.065000 	 -0.136684 
0.065100 	 -0.136786 
0.065200 	 -0.136888 
0.065300 	 -0.136991 
0.065400 	 -0.137093 
0.065500 	 -0.137196 
0.065600 	 -0.137299 
0.065700 	 -0.137401 
0.065800 	 -0.137504 
0.065900 	 -0.137607 
0.066000 	 -0.137710 
0.066100 	 -0.137813 
0.066200 	 -0.137916 
0.066300 	 -0.138020 
0.066400 	 -0.138123 
0.066500 	 -0.138226 
0.066600 	 -0.138330 
0.066700 	 -0.138433 
0.066800 	 -0.138537 
0.066900 	 -0.138641 
0.067000 	 -0.138745 
0.067100 	 -0.138848 
0.067200 	 -0.138952 
0.067300 	 -0.139056 
0.067400 	 -0.139160 
0.067500 	 -0.139265 
0.067600 	 -0.139369 
0.067700 	 -0.139473 
0.067800 	 -0.139578 
0.067900 	 -0.139682 
0.068000 	 -0.139787 
0.068100 	 -0.139891 
0.068200 	 -0.139996 
0.068300 	 -0.140101 
0.068400 	 -0.140205 
0.068500 	 -0.140310 
0.068600 	 -0.140415 
0.068700 	 -0.140520 
0.068800 	 -0.140625 
0.068900 	 -0.140730 
0.069000 	 -0.140836 
0.069100 	 -0.140941 
0.069200 	 -0.141046 
0.069300 	 -0.141152 
0.069400 	 -0.141257 
0.069500 	 -0.141363 
0.069600 	 -0.141468 
0.069700 	 -0.141574 
0.069800 	 -0.141680 
0.069900 	 -0.141786 
0.070000 	 -0.141892 
0.070100 	 -0.141998 
0.070200 	 -0.142104 
0.070300 	 -0.142210 
0.070400 	 -0.142316 
0.070500 	 -0.142422 
0.070600 	 -0.142528 
0.070700 	 -0.142634 
0.070800 	 -0.142741 
0.070900 	 -0.142847 
0.071000 	 -0.142954 
0.071100 	 -0.143060 
0.071200 	 -0.143167 
0.071300 	 -0.143274 
0.071400 	 -0.143380 
0.071500 	 -0.143487 
0.071600 	 -0.143594 
0.071700 	 -0.143701 
0.071800 	 -0.143808 
0.071900 	 -0.143915 
0.072000 	 -0.144022 
0.072100 	 -0.144129 
0.072200 	 -0.144236 
0.072300 	 -0.144343 
0.072400 	 -0.144451 
0.072500 	 -0.144558 
0.072600 	 -0.144665 
0.072700 	 -0.144773 
0.072800 	 -0.144880 
0.072900 	 -0.144988 
0.073000 	 -0.145096 
0.073100 	 -0.145203 
0.073200 	 -0.145311 
0.073300 	 -0.145419 
0.073400 	 -0.145526 
0.073500 	 -0.145634 
0.073600 	 -0.145742 
0.073700 	 -0.145850 
0.073800 	 -0.145958 
0.073900 	 -0.146066 
0.074000 	 -0.146174 
0.074100 	 -0.146282 
0.074200 	 -0.146391 
0.074300 	 -0.146499 
0.074400 	 -0.146607 
0.074500 	 -0.146715 
0.074600 	 -0.146824 
0.074700 	 -0.146932 
0.074800 	 -0.147041 
0.074900 	 -0.147149 
0.075000 	 -0.147258 
0.075100 	 -0.147366 
0.075200 	 -0.147475 
0.075300 	 -0.147583 
0.075400 	 -0.147692 
0.075500 	 -0.147801 
0.075600 	 -0.147910 
0.075700 	 -0.148018 
0.075800 	 -0.148127 
0.075900 	 -0.148236 
0.076000 	 -0.148345 
0.076100 	 -0.148454 
0.076200 	 -0.148563 
0.076300 	 -0.148672 
0.076400 	 -0.148781 
0.076500 	 -0.148890 
0.076600 	 -0.148999 
0.076700 	 -0.149109 
0.076800 	 -0.149218 
0.076900 	 -0.149327 
0.077000 	 -0.149436 
0.077100 	 -0.149546 
0.077200 	 -0.149655 
0.077300 	 -0.149764 
0.077400 	 -0.149874 
0.077500 	 -0.149983 
0.077600 	 -0.150093 
0.077700 	 -0.150202 
0.077800 	 -0.150312 
0.077900 	 -0.150421 
0.078000 	 -0.150531 
0.078100 	 -0.150640 
0.078200 	 -0.150750 
0.078300 	 -0.150860 
0.078400 	 -0.150969 
0.078500 	 -0.151079 
0.078600 	 -0.151189 
0.078700 	 -0.151298 
0.078800 	 -0.151408 
0.078900 	 -0.151518 
0.079000 	 -0.151628 
0.079100 	 -0.151738 
0.079200 	 -0.151848 
0.079300 	 -0.151957 
0.079400 	 -0.152067 
0.079500 	 -0.152177 
0.079600 	 -0.152287 
0.079700 	 -0.152397 
0.079800 	 -0.152507 
0.079900 	 -0.152617 
0.080000 	 -0.152727 
0.080100 	 -0.152837 
0.080200 	 -0.152947 
0.080300 	 -0.153058 
0.080400 	 -0.153168 
0.080500 	 -0.153278 
0.080600 	 -0.153388 
0.080700 	 -0.153498 
0.080800 	 -0.153608 
0.080900 	 -0.153718 
0.081000 	 -0.153829 
0.081100 	 -0.153939 
0.081200 	 -0.154049 
0.081300 	 -0.154159 
0.081400 	 -0.154269 
0.081500 	 -0.154380 
0.081600 	 -0.154490 
0.081700 	 -0.154600 
0.081800 	 -0.154711 
0.081900 	 -0.154821 
0.082000 	 -0.154931 
0.082100 	 -0.155041 
0.082200 	 -0.155152 
0.082300 	 -0.155262 
0.082400 	 -0.155372 
0.082500 	 -0.155483 
0.082600 	 -0.155593 
0.082700 	 -0.155703 
0.082800 	 -0.155814 
0.082900 	 -0.155924 
0.083000 	 -0.156034 
0.083100 	 -0.156145 
0.083200 	 -0.156255 
0.083300 	 -0.156366 
0.083400 	 -0.156476 
0.083500 	 -0.156586 
0.083600 	 -0.156697 
0.083700 	 -0.156807 
0.083800 	 -0.156917 
0.083900 	 -0.157028 
0.084000 	 -0.157138 
0.084100 	 -0.157248 
0.084200 	 -0.157359 
0.084300 	 -0.157469 
0.084400 	 -0.157579 
0.084500 	 -0.157690 
0.084600 	 -0.157800 
0.084700 	 -0.157910 
0.084800 	 -0.158021 
0.084900 	 -0.158131 
0.085000 	 -0.158241 
0.085100 	 -0.158352 
0.085200 	 -0.158462 
0.085300 	 -0.158572 
0.085400 	 -0.158683 
0.085500 	 -0.158793 
0.085600 	 -0.158903 
0.085700 	 -0.159013 
0.085800 	 -0.159123 
0.085900 	 -0.159234 
0.086000 	 -0.159344 
0.086100 	 -0.159454 
0.086200 	 -0.159564 
0.086300 	 -0.159674 
0.086400 	 -0.159785 
0.086500 	 -0.159895 
0.086600 	 -0.160005 
0.086700 	 -0.160115 
0.086800 	 -0.160225 
0.086900 	 -0.160335 
0.087000 	 -0.160445 
0.087100 	 -0.160555 
0.087200 	 -0.160665 
0.087300 	 -0.160775 
0.087400 	 -0.160885 
0.087500 	 -0.160995 
0.087600 	 -0.161105 
0.087700 	 -0.161215 
0.087800 	 -0.161325 
0.087900 	 -0.161435 
0.088000 	 -0.161544 
0.088100 	 -0.161654 
0.088200 	 -0.161764 
0.088300 	 -0.161874 
0.088400 	 -0.161983 
0.088500 	 -0.162093 
0.088600 	 -0.162203 
0.088700 	 -0.162312 
0.088800 	 -0.162422 
0.088900 	 -0.162532 
0.089000 	 -0.162641 
0.089100 	 -0.162751 
0.089200 	 -0.162860 
0.089300 	 -0.162970 
0.089400 	 -0.163079 
0.089500 	 -0.163189 
0.089600 	 -0.163298 
0.089700 	 -0.163407 
0.089800 	 -0.163517 
0.089900 	 -0.163626 
0.090000 	 -0.163735 
0.090100 	 -0.163844 
0.090200 	 -0.163953 
0.090300 	 -0.164063 
0.090400 	 -0.164172 
0.090500 	 -0.164281 
0.090600 	 -0.164390 
0.090700 	 -0.164499 
0.090800 	 -0.164608 
0.090900 	 -0.164716 
0.091000 	 -0.164825 
0.091100 	 -0.164934 
0.091200 	 -0.165043 
0.091300 	 -0.165152 
0.091400 	 -0.165260 
0.091500 	 -0.165369 
0.091600 	 -0.165477 
0.091700 	 -0.165586 
0.091800 	 -0.165694 
0.091900 	 -0.165803 
0.092000 	 -0.165911 
0.092100 	 -0.166020 
0.092200 	 -0.166128 
0.092300 	 -0.166236 
0.092400 	 -0.166344 
0.092500 	 -0.166453 
0.092600 	 -0.166561 
0.092700 	 -0.166669 
0.092800 	 -0.166777 
0.092900 	 -0.166885 
0.093000 	 -0.166993 
0.093100 	 -0.167100 
0.093200 	 -0.167208 
0.093300 	 -0.167316 
0.093400 	 -0.167424 
0.093500 	 -0.167531 
0.093600 	 -0.167639 
0.093700 	 -0.167746 
0.093800 	 -0.167854 
0.093900 	 -0.167961 
0.094000 	 -0.168068 
0.094100 	 -0.168176 
0.094200 	 -0.168283 
0.094300 	 -0.168390 
0.094400 	 -0.168497 
0.094500 	 -0.168604 
0.094600 	 -0.168711 
0.094700 	 -0.168818 
0.094800 	 -0.168925 
0.094900 	 -0.169032 
0.095000 	 -0.169138 
0.095100 	 -0.169245 
0.095200 	 -0.169352 
0.095300 	 -0.169458 
0.095400 	 -0.169564 
0.095500 	 -0.169671 
0.095600 	 -0.169777 
0.095700 	 -0.169883 
0.095800 	 -0.169989 
0.095900 	 -0.170096 
0.096000 	 -0.170202 
0.096100 	 -0.170308 
0.096200 	 -0.170413 
0.096300 	 -0.170519 
0.096400 	 -0.170625 
0.096500 	 -0.170731 
0.096600 	 -0.170836 
0.096700 	 -0.170942 
0.096800 	 -0.171047 
0.096900 	 -0.171152 
0.097000 	 -0.171258 
0.097100 	 -0.171363 
0.097200 	 -0.171468 
0.097300 	 -0.171573 
0.097400 	 -0.171678 
0.097500 	 -0.171783 
0.097600 	 -0.171887 
0.097700 	 -0.171992 
0.097800 	 -0.172097 
0.097900 	 -0.172201 
0.098000 	 -0.172306 
0.098100 	 -0.172410 
0.098200 	 -0.172514 
0.098300 	 -0.172618 
0.098400 	 -0.172723 
0.098500 	 -0.172827 
0.098600 	 -0.172930 
0.098700 	 -0.173034 
0.098800 	 -0.173138 
0.098900 	 -0.173242 
0.099000 	 -0.173345 
0.099100 	 -0.173449 
0.099200 	 -0.173552 
0.099300 	 -0.173655 
0.099400 	 -0.173758 
0.099500 	 -0.173862 
0.099600 	 -0.173965 
0.099700 	 -0.174067 
0.099800 	 -0.174170 
0.099900 	 -0.174273 
0.100000 	 -0.174376 
0.100100 	 -0.174478 
0.100200 	 -0.174580 
0.100300 	 -0.174683 
0.100400 	 -0.174785 
0.100500 	 -0.174887 
0.100600 	 -0.174989 
0.100700 	 -0.175091 
0.100800 	 -0.175193 
0.100900 	 -0.175294 
0.101000 	 -0.175396 
0.101100 	 -0.175498 
0.101200 	 -0.175599 
0.101300 	 -0.175700 
0.101400 	 -0.175801 
0.101500 	 -0.175902 
0.101600 	 -0.176003 
0.101700 	 -0.176104 
0.101800 	 -0.176205 
0.101900 	 -0.176305 
0.102000 	 -0.176406 
0.102100 	 -0.176506 
0.102200 	 -0.176607 
0.102300 	 -0.176707 
0.102400 	 -0.176807 
0.102500 	 -0.176907 
0.102600 	 -0.177007 
0.102700 	 -0.177106 
0.102800 	 -0.177206 
0.102900 	 -0.177305 
0.103000 	 -0.177405 
0.103100 	 -0.177504 
0.103200 	 -0.177603 
0.103300 	 -0.177702 
0.103400 	 -0.177801 
0.103500 	 -0.177900 
0.103600 	 -0.177998 
0.103700 	 -0.178097 
0.103800 	 -0.178195 
0.103900 	 -0.178293 
0.104000 	 -0.178391 
0.104100 	 -0.178489 
0.104200 	 -0.178587 
0.104300 	 -0.178685 
0.104400 	 -0.178783 
0.104500 	 -0.178880 
0.104600 	 -0.178977 
0.104700 	 -0.179075 
0.104800 	 -0.179172 
0.104900 	 -0.179269 
0.105000 	 -0.179366 
0.105100 	 -0.179462 
0.105200 	 -0.179559 
0.105300 	 -0.179655 
0.105400 	 -0.179752 
0.105500 	 -0.179848 
0.105600 	 -0.179944 
0.105700 	 -0.180040 
0.105800 	 -0.180135 
0.105900 	 -0.180231 
0.106000 	 -0.180326 
0.106100 	 -0.180422 
0.106200 	 -0.180517 
0.106300 	 -0.180612 
0.106400 	 -0.180707 
0.106500 	 -0.180802 
0.106600 	 -0.180896 
0.106700 	 -0.180991 
0.106800 	 -0.181085 
0.106900 	 -0.181179 
0.107000 	 -0.181273 
0.107100 	 -0.181367 
0.107200 	 -0.181461 
0.107300 	 -0.181554 
0.107400 	 -0.181648 
0.107500 	 -0.181741 
0.107600 	 -0.181834 
0.107700 	 -0.181927 
0.107800 	 -0.182020 
0.107900 	 -0.182113 
0.108000 	 -0.182205 
0.108100 	 -0.182297 
0.108200 	 -0.182390 
0.108300 	 -0.182482 
0.108400 	 -0.182574 
0.108500 	 -0.182665 
0.108600 	 -0.182757 
0.108700 	 -0.182848 
0.108800 	 -0.182939 
0.108900 	 -0.183031 
0.109000 	 -0.183121 
0.109100 	 -0.183212 
0.109200 	 -0.183303 
0.109300 	 -0.183393 
0.109400 	 -0.183483 
0.109500 	 -0.183574 
0.109600 	 -0.183663 
0.109700 	 -0.183753 
0.109800 	 -0.183843 
0.109900 	 -0.183932 
0.110000 	 -0.184022 
0.110100 	 -0.184111 
0.110200 	 -0.184200 
0.110300 	 -0.184288 
0.110400 	 -0.184377 
0.110500 	 -0.184465 
0.110600 	 -0.184553 
0.110700 	 -0.184641 
0.110800 	 -0.184729 
0.110900 	 -0.184817 
0.111000 	 -0.184905 
0.111100 	 -0.184992 
0.111200 	 -0.185079 
0.111300 	 -0.185166 
0.111400 	 -0.185253 
0.111500 	 -0.185339 
0.111600 	 -0.185426 
0.111700 	 -0.185512 
0.111800 	 -0.185598 
0.111900 	 -0.185684 
0.112000 	 -0.185770 
0.112100 	 -0.185855 
0.112200 	 -0.185941 
0.112300 	 -0.186026 
0.112400 	 -0.186111 
0.112500 	 -0.186195 
0.112600 	 -0.186280 
0.112700 	 -0.186364 
0.112800 	 -0.186449 
0.112900 	 -0.186533 
0.113000 	 -0.186616 
0.113100 	 -0.186700 
0.113200 	 -0.186783 
0.113300 	 -0.186867 
0.113400 	 -0.186950 
0.113500 	 -0.187033 
0.113600 	 -0.187115 
0.113700 	 -0.187198 
0.113800 	 -0.187280 
0.113900 	 -0.187362 
0.114000 	 -0.187444 
0.114100 	 -0.187525 
0.114200 	 -0.187607 
0.114300 	 -0.187688 
0.114400 	 -0.187769 
0.114500 	 -0.187850 
0.114600 	 -0.187930 
0.114700 	 -0.188011 
0.114800 	 -0.188091 
0.114900 	 -0.188171 
0.115000 	 -0.188251 
0.115100 	 -0.188330 
0.115200 	 -0.188410 
0.115300 	 -0.188489 
0.115400 	 -0.188568 
0.115500 	 -0.188646 
0.115600 	 -0.188725 
0.115700 	 -0.188803 
0.115800 	 -0.188881 
0.115900 	 -0.188959 
0.116000 	 -0.189037 
0.116100 	 -0.189114 
0.116200 	 -0.189191 
0.116300 	 -0.189268 
0.116400 	 -0.189345 
0.116500 	 -0.189422 
0.116600 	 -0.189498 
0.116700 	 -0.189574 
0.116800 	 -0.189650 
0.116900 	 -0.189726 
0.117000 	 -0.189801 
0.117100 	 -0.189876 
0.117200 	 -0.189951 
0.117300 	 -0.190026 
0.117400 	 -0.190100 
0.117500 	 -0.190175 
0.117600 	 -0.190249 
0.117700 	 -0.190323 
0.117800 	 -0.190396 
0.117900 	 -0.190469 
0.118000 	 -0.190543 
0.118100 	 -0.190615 
0.118200 	 -0.190688 
0.118300 	 -0.190761 
0.118400 	 -0.190833 
0.118500 	 -0.190905 
0.118600 	 -0.190976 
0.118700 	 -0.191048 
0.118800 	 -0.191119 
0.118900 	 -0.191190 
0.119000 	 -0.191261 
0.119100 	 -0.191331 
0.119200 	 -0.191401 
0.119300 	 -0.191471 
0.119400 	 -0.191541 
0.119500 	 -0.191611 
0.119600 	 -0.191680 
0.119700 	 -0.191749 
0.119800 	 -0.191818 
0.119900 	 -0.191886 
0.120000 	 -0.191954 
0.120100 	 -0.192022 
0.120200 	 -0.192090 
0.120300 	 -0.192158 
0.120400 	 -0.192225 
0.120500 	 -0.192292 
0.120600 	 -0.192359 
0.120700 	 -0.192425 
0.120800 	 -0.192491 
0.120900 	 -0.192557 
0.121000 	 -0.192623 
0.121100 	 -0.192689 
0.121200 	 -0.192754 
0.121300 	 -0.192819 
0.121400 	 -0.192883 
0.121500 	 -0.192948 
0.121600 	 -0.193012 
0.121700 	 -0.193076 
0.121800 	 -0.193139 
0.121900 	 -0.193203 
0.122000 	 -0.193266 
0.122100 	 -0.193328 
0.122200 	 -0.193391 
0.122300 	 -0.193453 
0.122400 	 -0.193515 
0.122500 	 -0.193577 
0.122600 	 -0.193638 
0.122700 	 -0.193700 
0.122800 	 -0.193760 
0.122900 	 -0.193821 
0.123000 	 -0.193881 
0.123100 	 -0.193941 
0.123200 	 -0.194001 
0.123300 	 -0.194061 
0.123400 	 -0.194120 
0.123500 	 -0.194179 
0.123600 	 -0.194237 
0.123700 	 -0.194296 
0.123800 	 -0.194354 
0.123900 	 -0.194412 
0.124000 	 -0.194469 
0.124100 	 -0.194526 
0.124200 	 -0.194583 
0.124300 	 -0.194640 
0.124400 	 -0.194696 
0.124500 	 -0.194752 
0.124600 	 -0.194808 
0.124700 	 -0.194864 
0.124800 	 -0.194919 
0.124900 	 -0.194974 
0.125000 	 -0.195028 
0.125100 	 -0.195083 
0.125200 	 -0.195137 
0.125300 	 -0.195190 
0.125400 	 -0.195244 
0.125500 	 -0.195297 
0.125600 	 -0.195350 
0.125700 	 -0.195402 
0.125800 	 -0.195454 
0.125900 	 -0.195506 
0.126000 	 -0.195558 
0.126100 	 -0.195609 
0.126200 	 -0.195660 
0.126300 	 -0.195711 
0.126400 	 -0.195761 
0.126500 	 -0.195811 
0.126600 	 -0.195861 
0.126700 	 -0.195911 
0.126800 	 -0.195960 
0.126900 	 -0.196008 
0.127000 	 -0.196057 
0.127100 	 -0.196105 
0.127200 	 -0.196153 
0.127300 	 -0.196201 
0.127400 	 -0.196248 
0.127500 	 -0.196295 
0.127600 	 -0.196341 
0.127700 	 -0.196388 
0.127800 	 -0.196434 
0.127900 	 -0.196479 
0.128000 	 -0.196525 
0.128100 	 -0.196570 
0.128200 	 -0.196614 
0.128300 	 -0.196659 
0.128400 	 -0.196703 
0.128500 	 -0.196746 
0.128600 	 -0.196790 
0.128700 	 -0.196833 
0.128800 	 -0.196875 
0.128900 	 -0.196918 
0.129000 	 -0.196960 
0.129100 	 -0.197002 
0.129200 	 -0.197043 
0.129300 	 -0.197084 
0.129400 	 -0.197125 
0.129500 	 -0.197165 
0.129600 	 -0.197205 
0.129700 	 -0.197245 
0.129800 	 -0.197284 
0.129900 	 -0.197323 
0.130000 	 -0.197362 
0.130100 	 -0.197400 
0.130200 	 -0.197438 
0.130300 	 -0.197476 
0.130400 	 -0.197513 
0.130500 	 -0.197550 
0.130600 	 -0.197586 
0.130700 	 -0.197623 
0.130800 	 -0.197659 
0.130900 	 -0.197694 
0.131000 	 -0.197729 
0.131100 	 -0.197764 
0.131200 	 -0.197799 
0.131300 	 -0.197833 
0.131400 	 -0.197867 
0.131500 	 -0.197900 
0.131600 	 -0.197933 
0.131700 	 -0.197966 
0.131800 	 -0.197998 
0.131900 	 -0.198030 
0.132000 	 -0.198062 
0.132100 	 -0.198093 
0.132200 	 -0.198124 
0.132300 	 -0.198154 
0.132400 	 -0.198185 
0.132500 	 -0.198214 
0.132600 	 -0.198244 
0.132700 	 -0.198273 
0.132800 	 -0.198302 
0.132900 	 -0.198330 
0.133000 	 -0.198358 
0.133100 	 -0.198386 
0.133200 	 -0.198413 
0.133300 	 -0.198440 
0.133400 	 -0.198466 
0.133500 	 -0.198492 
0.133600 	 -0.198518 
0.133700 	 -0.198543 
0.133800 	 -0.198568 
0.133900 	 -0.198593 
0.134000 	 -0.198617 
0.134100 	 -0.198641 
0.134200 	 -0.198664 
0.134300 	 -0.198687 
0.134400 	 -0.198710 
0.134500 	 -0.198732 
0.134600 	 -0.198754 
0.134700 	 -0.198776 
0.134800 	 -0.198797 
0.134900 	 -0.198818 
0.135000 	 -0.198838 
0.135100 	 -0.198858 
0.135200 	 -0.198877 
0.135300 	 -0.198896 
0.135400 	 -0.198915 
0.135500 	 -0.198934 
0.135600 	 -0.198952 
0.135700 	 -0.198969 
0.135800 	 -0.198986 
0.135900 	 -0.199003 
0.136000 	 -0.199019 
0.136100 	 -0.199035 
0.136200 	 -0.199051 
0.136300 	 -0.199066 
0.136400 	 -0.199081 
0.136500 	 -0.199095 
0.136600 	 -0.199109 
0.136700 	 -0.199123 
0.136800 	 -0.199136 
0.136900 	 -0.199149 
0.137000 	 -0.199161 
0.137100 	 -0.199173 
0.137200 	 -0.199184 
0.137300 	 -0.199195 
0.137400 	 -0.199206 
0.137500 	 -0.199216 
0.137600 	 -0.199226 
0.137700 	 -0.199235 
0.137800 	 -0.199244 
0.137900 	 -0.199253 
0.138000 	 -0.199261 
0.138100 	 -0.199269 
0.138200 	 -0.199276 
0.138300 	 -0.199283 
0.138400 	 -0.199289 
0.138500 	 -0.199295 
0.138600 	 -0.199301 
0.138700 	 -0.199306 
0.138800 	 -0.199311 
0.138900 	 -0.199315 
0.139000 	 -0.199319 
0.139100 	 -0.199323 
0.139200 	 -0.199326 
0.139300 	 -0.199328 
0.139400 	 -0.199330 
0.139500 	 -0.199332 
0.139600 	 -0.199333 
0.139700 	 -0.199334 
0.139800 	 -0.199334 
0.139900 	 -0.199334 
0.140000 	 -0.199334 
0.140100 	 -0.199333 
0.140200 	 -0.199331 
0.140300 	 -0.199330 
0.140400 	 -0.199327 
0.140500 	 -0.199325 
0.140600 	 -0.199321 
0.140700 	 -0.199318 
0.140800 	 -0.199314 
0.140900 	 -0.199309 
0.141000 	 -0.199304 
0.141100 	 -0.199299 
0.141200 	 -0.199293 
0.141300 	 -0.199286 
0.141400 	 -0.199280 
0.141500 	 -0.199272 
0.141600 	 -0.199265 
0.141700 	 -0.199256 
0.141800 	 -0.199248 
0.141900 	 -0.199239 
0.142000 	 -0.199229 
0.142100 	 -0.199219 
0.142200 	 -0.199208 
0.142300 	 -0.199197 
0.142400 	 -0.199186 
0.142500 	 -0.199174 
0.142600 	 -0.199162 
0.142700 	 -0.199149 
0.142800 	 -0.199135 
0.142900 	 -0.199122 
0.143000 	 -0.199107 
0.143100 	 -0.199093 
0.143200 	 -0.199077 
0.143300 	 -0.199062 
0.143400 	 -0.199045 
0.143500 	 -0.199029 
0.143600 	 -0.199012 
0.143700 	 -0.198994 
0.143800 	 -0.198976 
0.143900 	 -0.198957 
0.144000 	 -0.198938 
0.144100 	 -0.198919 
0.144200 	 -0.198899 
0.144300 	 -0.198878 
0.144400 	 -0.198857 
0.144500 	 -0.198835 
0.144600 	 -0.198813 
0.144700 	 -0.198791 
0.144800 	 -0.198768 
0.144900 	 -0.198744 
0.145000 	 -0.198720 
0.145100 	 -0.198696 
0.145200 	 -0.198671 
0.145300 	 -0.198645 
0.145400 	 -0.198619 
0.145500 	 -0.198593 
0.145600 	 -0.198566 
0.145700 	 -0.198538 
0.145800 	 -0.198510 
0.145900 	 -0.198482 
0.146000 	 -0.198453 
0.146100 	 -0.198423 
0.146200 	 -0.198393 
0.146300 	 -0.198363 
0.146400 	 -0.198332 
0.146500 	 -0.198300 
0.146600 	 -0.198268 
0.146700 	 -0.198235 
0.146800 	 -0.198202 
0.146900 	 -0.198168 
0.147000 	 -0.198134 
0.147100 	 -0.198100 
0.147200 	 -0.198064 
0.147300 	 -0.198029 
0.147400 	 -0.197992 
0.147500 	 -0.197956 
0.147600 	 -0.197918 
0.147700 	 -0.197880 
0.147800 	 -0.197842 
0.147900 	 -0.197803 
0.148000 	 -0.197764 
0.148100 	 -0.197724 
0.148200 	 -0.197683 
0.148300 	 -0.197642 
0.148400 	 -0.197601 
0.148500 	 -0.197559 
0.148600 	 -0.197516 
0.148700 	 -0.197473 
0.148800 	 -0.197429 
0.148900 	 -0.197385 
0.149000 	 -0.197340 
0.149100 	 -0.197295 
0.149200 	 -0.197249 
0.149300 	 -0.197202 
0.149400 	 -0.197155 
0.149500 	 -0.197108 
0.149600 	 -0.197060 
0.149700 	 -0.197011 
0.149800 	 -0.196962 
0.149900 	 -0.196912 
0.150000 	 -0.196862 
0.150100 	 -0.196811 
0.150200 	 -0.196760 
0.150300 	 -0.196708 
0.150400 	 -0.196655 
0.150500 	 -0.196602 
0.150600 	 -0.196549 
0.150700 	 -0.196495 
0.150800 	 -0.196440 
0.150900 	 -0.196385 
0.151000 	 -0.196329 
0.151100 	 -0.196272 
0.151200 	 -0.196215 
0.151300 	 -0.196158 
0.151400 	 -0.196099 
0.151500 	 -0.196041 
0.151600 	 -0.195981 
0.151700 	 -0.195922 
0.151800 	 -0.195861 
0.151900 	 -0.195800 
0.152000 	 -0.195739 
0.152100 	 -0.195676 
0.152200 	 -0.195614 
0.152300 	 -0.195550 
0.152400 	 -0.195486 
0.152500 	 -0.195422 
0.152600 	 -0.195357 
0.152700 	 -0.195291 
0.152800 	 -0.195225 
0.152900 	 -0.195158 
0.153000 	 -0.195091 
0.153100 	 -0.195023 
0.153200 	 -0.194954 
0.153300 	 -0.194885 
0.153400 	 -0.194815 
0.153500 	 -0.194745 
0.153600 	 -0.194674 
0.153700 	 -0.194602 
0.153800 	 -0.194530 
0.153900 	 -0.194457 
0.154000 	 -0.194384 
0.154100 	 -0.194310 
0.154200 	 -0.194235 
0.154300 	 -0.194160 
0.154400 	 -0.194084 
0.154500 	 -0.194008 
0.154600 	 -0.193931 
0.154700 	 -0.193853 
0.154800 	 -0.193775 
0.154900 	 -0.193696 
0.155000 	 -0.193617 
0.155100 	 -0.193537 
0.155200 	 -0.193456 
0.155300 	 -0.193375 
0.155400 	 -0.193293 
0.155500 	 -0.193211 
0.155600 	 -0.193127 
0.155700 	 -0.193044 
0.155800 	 -0.192959 
0.155900 	 -0.192874 
0.156000 	 -0.192789 
0.156100 	 -0.192702 
0.156200 	 -0.192615 
0.156300 	 -0.192528 
0.156400 	 -0.192440 
0.156500 	 -0.192351 
0.156600 	 -0.192262 
0.156700 	 -0.192172 
0.156800 	 -0.192081 
0.156900 	 -0.191990 
0.157000 	 -0.191898 
0.157100 	 -0.191805 
0.157200 	 -0.191712 
0.157300 	 -0.191618 
0.157400 	 -0.191523 
0.157500 	 -0.191428 
0.157600 	 -0.191332 
0.157700 	 -0.191236 
0.157800 	 -0.191139 
0.157900 	 -0.191041 
0.158000 	 -0.190943 
0.158100 	 -0.190844 
0.158200 	 -0.190744 
0.158300 	 -0.190644 
0.158400 	 -0.190543 
0.158500 	 -0.190441 
0.158600 	 -0.190339 
0.158700 	 -0.190236 
0.158800 	 -0.190132 
0.158900 	 -0.190028 
0.159000 	 -0.189923 
0.159100 	 -0.189817 
0.159200 	 -0.189711 
0.159300 	 -0.189604 
0.159400 	 -0.189496 
0.159500 	 -0.189388 
0.159600 	 -0.189279 
0.159700 	 -0.189170 
0.159800 	 -0.189059 
0.159900 	 -0.188948 
0.160000 	 -0.188837 
0.160100 	 -0.188724 
0.160200 	 -0.188611 
0.160300 	 -0.188498 
0.160400 	 -0.188383 
0.160500 	 -0.188268 
0.160600 	 -0.188153 
0.160700 	 -0.188036 
0.160800 	 -0.187919 
0.160900 	 -0.187801 
0.161000 	 -0.187683 
0.161100 	 -0.187564 
0.161200 	 -0.187444 
0.161300 	 -0.187323 
0.161400 	 -0.187202 
0.161500 	 -0.187080 
0.161600 	 -0.186958 
0.161700 	 -0.186834 
0.161800 	 -0.186710 
0.161900 	 -0.186586 
0.162000 	 -0.186460 
0.162100 	 -0.186334 
0.162200 	 -0.186207 
0.162300 	 -0.186080 
0.162400 	 -0.185952 
0.162500 	 -0.185823 
0.162600 	 -0.185693 
0.162700 	 -0.185563 
0.162800 	 -0.185432 
0.162900 	 -0.185300 
0.163000 	 -0.185167 
0.163100 	 -0.185034 
0.163200 	 -0.184900 
0.163300 	 -0.184766 
0.163400 	 -0.184630 
0.163500 	 -0.184494 
0.163600 	 -0.184358 
0.163700 	 -0.184220 
0.163800 	 -0.184082 
0.163900 	 -0.183943 
0.164000 	 -0.183803 
0.164100 	 -0.183663 
0.164200 	 -0.183522 
0.164300 	 -0.183380 
0.164400 	 -0.183237 
0.164500 	 -0.183094 
0.164600 	 -0.182950 
0.164700 	 -0.182805 
0.164800 	 -0.182660 
0.164900 	 -0.182513 
0.165000 	 -0.182366 
0.165100 	 -0.182219 
0.165200 	 -0.182070 
0.165300 	 -0.181921 
0.165400 	 -0.181771 
0.165500 	 -0.181620 
0.165600 	 -0.181469 
0.165700 	 -0.181316 
0.165800 	 -0.181164 
0.165900 	 -0.181010 
0.166000 	 -0.180855 
0.166100 	 -0.180700 
0.166200 	 -0.180544 
0.166300 	 -0.180387 
0.166400 	 -0.180230 
0.166500 	 -0.180072 
0.166600 	 -0.179913 
0.166700 	 -0.179753 
0.166800 	 -0.179592 
0.166900 	 -0.179431 
0.167000 	 -0.179269 
0.167100 	 -0.179106 
0.167200 	 -0.178943 
0.167300 	 -0.178778 
0.167400 	 -0.178613 
0.167500 	 -0.178447 
0.167600 	 -0.178280 
0.167700 	 -0.178113 
0.167800 	 -0.177945 
0.167900 	 -0.177776 
0.168000 	 -0.177606 
0.168100 	 -0.177435 
0.168200 	 -0.177264 
0.168300 	 -0.177092 
0.168400 	 -0.176919 
0.168500 	 -0.176745 
0.168600 	 -0.176571 
0.168700 	 -0.176396 
0.168800 	 -0.176219 
0.168900 	 -0.176043 
0.169000 	 -0.175865 
0.169100 	 -0.175686 
0.169200 	 -0.175507 
0.169300 	 -0.175327 
0.169400 	 -0.175146 
0.169500 	 -0.174965 
0.169600 	 -0.174782 
0.169700 	 -0.174599 
0.169800 	 -0.174415 
0.169900 	 -0.174230 
0.170000 	 -0.174044 
0.170100 	 -0.173858 
0.170200 	 -0.173671 
0.170300 	 -0.173483 
0.170400 	 -0.173294 
0.170500 	 -0.173104 
0.170600 	 -0.172913 
0.170700 	 -0.172722 
0.170800 	 -0.172530 
0.170900 	 -0.172337 
0.171000 	 -0.172143 
0.171100 	 -0.171949 
0.171200 	 -0.171753 
0.171300 	 -0.171557 
0.171400 	 -0.171360 
0.171500 	 -0.171162 
0.171600 	 -0.170963 
0.171700 	 -0.170764 
0.171800 	 -0.170563 
0.171900 	 -0.170362 
0.172000 	 -0.170160 
0.172100 	 -0.169957 
0.172200 	 -0.169753 
0.172300 	 -0.169549 
0.172400 	 -0.169343 
0.172500 	 -0.169137 
0.172600 	 -0.168930 
0.172700 	 -0.168722 
0.172800 	 -0.168513 
0.172900 	 -0.168303 
0.173000 	 -0.168093 
0.173100 	 -0.167882 
0.173200 	 -0.167669 
0.173300 	 -0.167456 
0.173400 	 -0.167242 
0.173500 	 -0.167028 
0.173600 	 -0.166812 
0.173700 	 -0.166596 
0.173800 	 -0.166378 
0.173900 	 -0.166160 
0.174000 	 -0.165941 
0.174100 	 -0.165721 
0.174200 	 -0.165500 
0.174300 	 -0.165279 
0.174400 	 -0.165056 
0.174500 	 -0.164833 
0.174600 	 -0.164609 
0.174700 	 -0.164384 
0.174800 	 -0.164158 
0.174900 	 -0.163931 
0.175000 	 -0.163703 
0.175100 	 -0.163474 
0.175200 	 -0.163245 
0.175300 	 -0.163014 
0.175400 	 -0.162783 
0.175500 	 -0.162551 
0.175600 	 -0.162318 
0.175700 	 -0.162084 
0.175800 	 -0.161849 
0.175900 	 -0.161614 
0.176000 	 -0.161377 
0.176100 	 -0.161140 
0.176200 	 -0.160901 
0.176300 	 -0.160662 
0.176400 	 -0.160422 
0.176500 	 -0.160181 
0.176600 	 -0.159939 
0.176700 	 -0.159696 
0.176800 	 -0.159452 
0.176900 	 -0.159207 
0.177000 	 -0.158962 
0.177100 	 -0.158715 
0.177200 	 -0.158468 
0.177300 	 -0.158220 
0.177400 	 -0.157971 
0.177500 	 -0.157720 
0.177600 	 -0.157469 
0.177700 	 -0.157217 
0.177800 	 -0.156965 
0.177900 	 -0.156711 
0.178000 	 -0.156456 
0.178100 	 -0.156201 
0.178200 	 -0.155944 
0.178300 	 -0.155687 
0.178400 	 -0.155428 
0.178500 	 -0.155169 
0.178600 	 -0.154909 
0.178700 	 -0.154647 
0.178800 	 -0.154385 
0.178900 	 -0.154122 
0.179000 	 -0.153858 
0.179100 	 -0.153593 
0.179200 	 -0.153328 
0.179300 	 -0.153061 
0.179400 	 -0.152793 
0.179500 	 -0.152524 
0.179600 	 -0.152255 
0.179700 	 -0.151984 
0.179800 	 -0.151713 
0.179900 	 -0.151440 
0.180000 	 -0.151167 
0.180100 	 -0.150893 
0.180200 	 -0.150617 
0.180300 	 -0.150341 
0.180400 	 -0.150064 
0.180500 	 -0.149786 
0.180600 	 -0.149507 
0.180700 	 -0.149227 
0.180800 	 -0.148946 
0.180900 	 -0.148664 
0.181000 	 -0.148381 
0.181100 	 -0.148097 
0.181200 	 -0.147812 
0.181300 	 -0.147526 
0.181400 	 -0.147239 
0.181500 	 -0.146951 
0.181600 	 -0.146663 
0.181700 	 -0.146373 
0.181800 	 -0.146082 
0.181900 	 -0.145790 
0.182000 	 -0.145498 
0.182100 	 -0.145204 
0.182200 	 -0.144910 
0.182300 	 -0.144614 
0.182400 	 -0.144317 
0.182500 	 -0.144020 
0.182600 	 -0.143721 
0.182700 	 -0.143422 
0.182800 	 -0.143121 
0.182900 	 -0.142819 
0.183000 	 -0.142517 
0.183100 	 -0.142213 
0.183200 	 -0.141909 
0.183300 	 -0.141603 
0.183400 	 -0.141297 
0.183500 	 -0.140989 
0.183600 	 -0.140681 
0.183700 	 -0.140371 
0.183800 	 -0.140061 
0.183900 	 -0.139749 
0.184000 	 -0.139437 
0.184100 	 -0.139123 
0.184200 	 -0.138808 
0.184300 	 -0.138493 
0.184400 	 -0.138176 
0.184500 	 -0.137859 
0.184600 	 -0.137540 
0.184700 	 -0.137220 
0.184800 	 -0.136900 
0.184900 	 -0.136578 
0.185000 	 -0.136255 
0.185100 	 -0.135931 
0.185200 	 -0.135607 
0.185300 	 -0.135281 
0.185400 	 -0.134954 
0.185500 	 -0.134626 
0.185600 	 -0.134297 
0.185700 	 -0.133967 
0.185800 	 -0.133636 
0.185900 	 -0.133304 
0.186000 	 -0.132971 
0.186100 	 -0.132637 
0.186200 	 -0.132302 
0.186300 	 -0.131966 
0.186400 	 -0.131629 
0.186500 	 -0.131290 
0.186600 	 -0.130951 
0.186700 	 -0.130611 
0.186800 	 -0.130269 
0.186900 	 -0.129927 
0.187000 	 -0.129583 
0.187100 	 -0.129239 
0.187200 	 -0.128893 
0.187300 	 -0.128546 
0.187400 	 -0.128199 
0.187500 	 -0.127850 
0.187600 	 -0.127500 
0.187700 	 -0.127149 
0.187800 	 -0.126797 
0.187900 	 -0.126444 
0.188000 	 -0.126090 
0.188100 	 -0.125734 
0.188200 	 -0.125378 
0.188300 	 -0.125021 
0.188400 	 -0.124662 
0.188500 	 -0.124303 
0.188600 	 -0.123942 
0.188700 	 -0.123580 
0.188800 	 -0.123218 
0.188900 	 -0.122854 
0.189000 	 -0.122489 
0.189100 	 -0.122123 
0.189200 	 -0.121756 
0.189300 	 -0.121387 
0.189400 	 -0.121018 
0.189500 	 -0.120648 
0.189600 	 -0.120276 
0.189700 	 -0.119904 
0.189800 	 -0.119530 
0.189900 	 -0.119155 
0.190000 	 -0.118779 
0.190100 	 -0.118402 
0.190200 	 -0.118024 
0.190300 	 -0.117645 
0.190400 	 -0.117265 
0.190500 	 -0.116883 
0.190600 	 -0.116501 
0.190700 	 -0.116117 
0.190800 	 -0.115732 
0.190900 	 -0.115346 
0.191000 	 -0.114959 
0.191100 	 -0.114571 
0.191200 	 -0.114182 
0.191300 	 -0.113791 
0.191400 	 -0.113400 
0.191500 	 -0.113007 
0.191600 	 -0.112614 
0.191700 	 -0.112219 
0.191800 	 -0.111823 
0.191900 	 -0.111426 
0.192000 	 -0.111027 
0.192100 	 -0.110628 
0.192200 	 -0.110227 
0.192300 	 -0.109826 
0.192400 	 -0.109423 
0.192500 	 -0.109019 
0.192600 	 -0.108614 
0.192700 	 -0.108208 
0.192800 	 -0.107800 
0.192900 	 -0.107392 
0.193000 	 -0.106982 
0.193100 	 -0.106571 
0.193200 	 -0.106159 
0.193300 	 -0.105746 
0.193400 	 -0.105332 
0.193500 	 -0.104916 
0.193600 	 -0.104499 
0.193700 	 -0.104082 
0.193800 	 -0.103663 
0.193900 	 -0.103243 
0.194000 	 -0.102821 
0.194100 	 -0.102399 
0.194200 	 -0.101975 
0.194300 	 -0.101550 
0.194400 	 -0.101124 
0.194500 	 -0.100697 
0.194600 	 -0.100269 
0.194700 	 -0.099839 
0.194800 	 -0.099409 
0.194900 	 -0.098977 
0.195000 	 -0.098544 
0.195100 	 -0.098110 
0.195200 	 -0.097674 
0.195300 	 -0.097238 
0.195400 	 -0.096800 
0.195500 	 -0.096361 
0.195600 	 -0.095921 
0.195700 	 -0.095479 
0.195800 	 -0.095037 
0.195900 	 -0.094593 
0.196000 	 -0.094148 
0.196100 	 -0.093702 
0.196200 	 -0.093254 
0.196300 	 -0.092806 
0.196400 	 -0.092356 
0.196500 	 -0.091905 
0.196600 	 -0.091453 
0.196700 	 -0.091000 
0.196800 	 -0.090545 
0.196900 	 -0.090089 
0.197000 	 -0.089632 
0.197100 	 -0.089174 
0.197200 	 -0.088714 
0.197300 	 -0.088254 
0.197400 	 -0.087792 
0.197500 	 -0.087329 
0.197600 	 -0.086864 
0.197700 	 -0.086399 
0.197800 	 -0.085932 
0.197900 	 -0.085464 
0.198000 	 -0.084994 
0.198100 	 -0.084524 
0.198200 	 -0.084052 
0.198300 	 -0.083579 
0.198400 	 -0.083105 
0.198500 	 -0.082629 
0.198600 	 -0.082153 
0.198700 	 -0.081675 
0.198800 	 -0.081195 
0.198900 	 -0.080715 
0.199000 	 -0.080233 
0.199100 	 -0.079750 
0.199200 	 -0.079266 
0.199300 	 -0.078781 
0.199400 	 -0.078294 
0.199500 	 -0.077806 
0.199600 	 -0.077317 
0.199700 	 -0.076826 
0.199800 	 -0.076334 
0.199900 	 -0.075841 
0.200000 	 -0.075347 
