0.138401 	 -0.133681
0.138501 	 -0.133736
0.138601 	 -0.133790
0.138701 	 -0.133843
0.138801 	 -0.133897
0.138901 	 -0.133950
0.139001 	 -0.134003
0.139101 	 -0.134055
0.139201 	 -0.134108
0.139301 	 -0.134160
0.139401 	 -0.134211
0.139501 	 -0.134263
0.139601 	 -0.134314
0.139701 	 -0.134365
0.139801 	 -0.134415
0.139901 	 -0.134466
0.140001 	 -0.134516
0.140101 	 -0.134565
0.140201 	 -0.134615
0.140301 	 -0.134664
0.140401 	 -0.134713
0.140501 	 -0.134761
0.140601 	 -0.134809
0.140701 	 -0.134857
0.140801 	 -0.134905
0.140901 	 -0.134952
0.141001 	 -0.134999
0.141101 	 -0.135046
0.141201 	 -0.135092
0.141301 	 -0.135138
0.141401 	 -0.135184
0.141501 	 -0.135229
0.141601 	 -0.135274
0.141701 	 -0.135319
0.141801 	 -0.135364
0.141901 	 -0.135408
0.142001 	 -0.135452
0.142101 	 -0.135495
0.142201 	 -0.135538
0.142301 	 -0.135581
0.142401 	 -0.135624
0.142501 	 -0.135666
0.142601 	 -0.135708
0.142701 	 -0.135749
0.142801 	 -0.135790
0.142901 	 -0.135831
0.143001 	 -0.135872
0.143101 	 -0.135912
0.143201 	 -0.135952
0.143301 	 -0.135991
0.143401 	 -0.136031
0.143501 	 -0.136069
0.143601 	 -0.136108
0.143701 	 -0.136146
0.143801 	 -0.136184
0.143901 	 -0.136221
0.144001 	 -0.136259
0.144101 	 -0.136295
0.144201 	 -0.136332
0.144301 	 -0.136368
0.144401 	 -0.136404
0.144501 	 -0.136439
0.144601 	 -0.136474
0.144701 	 -0.136509
0.144801 	 -0.136543
0.144901 	 -0.136577
0.145001 	 -0.136610
0.145101 	 -0.136644
0.145201 	 -0.136677
0.145301 	 -0.136709
0.145401 	 -0.136741
0.145501 	 -0.136773
0.145601 	 -0.136804
0.145701 	 -0.136836
0.145801 	 -0.136866
0.145901 	 -0.136897
0.146001 	 -0.136926
0.146101 	 -0.136956
0.146201 	 -0.136985
0.146301 	 -0.137014
0.146401 	 -0.137043
0.146501 	 -0.137071
0.146601 	 -0.137098
0.146701 	 -0.137126
0.146801 	 -0.137153
0.146901 	 -0.137179
0.147001 	 -0.137205
0.147101 	 -0.137231
0.147201 	 -0.137256
0.147301 	 -0.137281
0.147401 	 -0.137306
0.147501 	 -0.137330
0.147601 	 -0.137354
0.147701 	 -0.137378
0.147801 	 -0.137401
0.147901 	 -0.137423
0.148001 	 -0.137446
0.148101 	 -0.137468
0.148201 	 -0.137489
0.148301 	 -0.137510
0.148401 	 -0.137531
0.148501 	 -0.137551
0.148601 	 -0.137571
0.148701 	 -0.137590
0.148801 	 -0.137609
0.148901 	 -0.137628
0.149001 	 -0.137646
0.149101 	 -0.137664
0.149201 	 -0.137682
0.149301 	 -0.137699
0.149401 	 -0.137715
0.149501 	 -0.137732
0.149601 	 -0.137747
0.149701 	 -0.137763
0.149801 	 -0.137778
0.149901 	 -0.137792
0.150001 	 -0.137806
0.150101 	 -0.137820
0.150201 	 -0.137833
0.150301 	 -0.137846
0.150401 	 -0.137859
0.150501 	 -0.137871
0.150601 	 -0.137882
0.150701 	 -0.137893
0.150801 	 -0.137904
0.150901 	 -0.137914
0.151001 	 -0.137924
0.151101 	 -0.137934
0.151201 	 -0.137943
0.151301 	 -0.137951
0.151401 	 -0.137959
0.151501 	 -0.137967
0.151601 	 -0.137974
0.151701 	 -0.137981
0.151801 	 -0.137987
0.151901 	 -0.137993
0.152001 	 -0.137999
0.152101 	 -0.138004
0.152201 	 -0.138008
0.152301 	 -0.138012
0.152401 	 -0.138016
0.152501 	 -0.138019
0.152601 	 -0.138022
0.152701 	 -0.138025
0.152801 	 -0.138026
0.152901 	 -0.138028
0.153001 	 -0.138029
0.153101 	 -0.138029
0.153201 	 -0.138029
0.153301 	 -0.138029
0.153401 	 -0.138028
0.153501 	 -0.138027
0.153601 	 -0.138025
0.153701 	 -0.138023
0.153801 	 -0.138020
0.153901 	 -0.138017
0.154001 	 -0.138013
0.154101 	 -0.138009
0.154201 	 -0.138005
0.154301 	 -0.137999
0.154401 	 -0.137994
0.154501 	 -0.137988
0.154601 	 -0.137981
0.154701 	 -0.137974
0.154801 	 -0.137967
0.154901 	 -0.137959
0.155001 	 -0.137951
0.155101 	 -0.137942
0.155201 	 -0.137932
0.155301 	 -0.137923
0.155401 	 -0.137912
0.155501 	 -0.137901
0.155601 	 -0.137890
0.155701 	 -0.137878
0.155801 	 -0.137866
0.155901 	 -0.137853
0.156001 	 -0.137840
0.156101 	 -0.137826
0.156201 	 -0.137812
0.156301 	 -0.137797
0.156401 	 -0.137782
0.156501 	 -0.137766
0.156601 	 -0.137750
0.156701 	 -0.137733
0.156801 	 -0.137716
0.156901 	 -0.137698
0.157001 	 -0.137680
0.157101 	 -0.137661
0.157201 	 -0.137642
0.157301 	 -0.137622
0.157401 	 -0.137602
0.157501 	 -0.137581
0.157601 	 -0.137560
0.157701 	 -0.137538
0.157801 	 -0.137515
0.157901 	 -0.137493
0.158001 	 -0.137469
0.158101 	 -0.137445
0.158201 	 -0.137421
0.158301 	 -0.137396
0.158401 	 -0.137370
0.158501 	 -0.137344
0.158601 	 -0.137318
0.158701 	 -0.137291
0.158801 	 -0.137263
0.158901 	 -0.137235
0.159001 	 -0.137207
0.159101 	 -0.137177
0.159201 	 -0.137148
0.159301 	 -0.137118
0.159401 	 -0.137087
0.159501 	 -0.137055
0.159601 	 -0.137024
0.159701 	 -0.136991
0.159801 	 -0.136958
0.159901 	 -0.136925
0.160001 	 -0.136891
0.160101 	 -0.136856
0.160201 	 -0.136821
0.160301 	 -0.136786
0.160401 	 -0.136749
0.160501 	 -0.136713
0.160601 	 -0.136675
0.160701 	 -0.136637
0.160801 	 -0.136599
0.160901 	 -0.136560
0.161001 	 -0.136521
0.161101 	 -0.136481
0.161201 	 -0.136440
0.161301 	 -0.136399
0.161401 	 -0.136357
0.161501 	 -0.136315
0.161601 	 -0.136272
0.161701 	 -0.136228
0.161801 	 -0.136184
0.161901 	 -0.136140
0.162001 	 -0.136095
0.162101 	 -0.136049
0.162201 	 -0.136003
0.162301 	 -0.135956
0.162401 	 -0.135908
0.162501 	 -0.135861
0.162601 	 -0.135812
0.162701 	 -0.135763
0.162801 	 -0.135713
0.162901 	 -0.135663
0.163001 	 -0.135612
0.163101 	 -0.135560
0.163201 	 -0.135508
0.163301 	 -0.135456
0.163401 	 -0.135402
0.163501 	 -0.135349
0.163601 	 -0.135294
0.163701 	 -0.135239
0.163801 	 -0.135184
0.163901 	 -0.135127
0.164001 	 -0.135071
0.164101 	 -0.135013
0.164201 	 -0.134955
0.164301 	 -0.134897
0.164401 	 -0.134838
0.164501 	 -0.134778
0.164601 	 -0.134717
0.164701 	 -0.134657
0.164801 	 -0.134595
0.164901 	 -0.134533
0.165001 	 -0.134470
0.165101 	 -0.134407
0.165201 	 -0.134343
0.165301 	 -0.134278
0.165401 	 -0.134213
0.165501 	 -0.134147
0.165601 	 -0.134080
0.165701 	 -0.134013
0.165801 	 -0.133946
0.165901 	 -0.133877
0.166001 	 -0.133808
0.166101 	 -0.133739
0.166201 	 -0.133669
0.166301 	 -0.133598
0.166401 	 -0.133526
0.166501 	 -0.133454
0.166601 	 -0.133382
0.166701 	 -0.133308
0.166801 	 -0.133234
0.166901 	 -0.133160
0.167001 	 -0.133084
0.167101 	 -0.133009
0.167201 	 -0.132932
0.167301 	 -0.132855
0.167401 	 -0.132777
0.167501 	 -0.132699
0.167601 	 -0.132620
0.167701 	 -0.132540
0.167801 	 -0.132460
0.167901 	 -0.132379
0.168001 	 -0.132297
0.168101 	 -0.132215
0.168201 	 -0.132132
0.168301 	 -0.132048
0.168401 	 -0.131964
0.168501 	 -0.131879
0.168601 	 -0.131793
0.168701 	 -0.131707
0.168801 	 -0.131620
0.168901 	 -0.131533
0.169001 	 -0.131445
0.169101 	 -0.131356
0.169201 	 -0.131266
0.169301 	 -0.131176
0.169401 	 -0.131085
0.169501 	 -0.130994
0.169601 	 -0.130902
0.169701 	 -0.130809
0.169801 	 -0.130715
0.169901 	 -0.130621
0.170001 	 -0.130526
0.170101 	 -0.130431
0.170201 	 -0.130334
0.170301 	 -0.130237
0.170401 	 -0.130140
0.170501 	 -0.130042
0.170601 	 -0.129943
0.170701 	 -0.129843
0.170801 	 -0.129743
0.170901 	 -0.129642
0.171001 	 -0.129540
0.171101 	 -0.129438
0.171201 	 -0.129334
0.171301 	 -0.129231
0.171401 	 -0.129126
0.171501 	 -0.129021
0.171601 	 -0.128915
0.171701 	 -0.128809
0.171801 	 -0.128701
0.171901 	 -0.128593
0.172001 	 -0.128485
0.172101 	 -0.128375
0.172201 	 -0.128265
0.172301 	 -0.128155
0.172401 	 -0.128043
0.172501 	 -0.127931
0.172601 	 -0.127818
0.172701 	 -0.127704
0.172801 	 -0.127590
0.172901 	 -0.127475
0.173001 	 -0.127359
0.173101 	 -0.127243
0.173201 	 -0.127126
0.173301 	 -0.127008
0.173401 	 -0.126889
0.173501 	 -0.126770
0.173601 	 -0.126650
0.173701 	 -0.126529
0.173801 	 -0.126407
0.173901 	 -0.126285
0.174001 	 -0.126162
0.174101 	 -0.126038
0.174201 	 -0.125914
0.174301 	 -0.125789
0.174401 	 -0.125663
0.174501 	 -0.125536
0.174601 	 -0.125409
0.174701 	 -0.125281
0.174801 	 -0.125152
0.174901 	 -0.125022
0.175001 	 -0.124892
0.175101 	 -0.124761
0.175201 	 -0.124629
0.175301 	 -0.124496
0.175401 	 -0.124363
0.175501 	 -0.124229
0.175601 	 -0.124094
0.175701 	 -0.123958
0.175801 	 -0.123822
0.175901 	 -0.123685
0.176001 	 -0.123547
0.176101 	 -0.123408
0.176201 	 -0.123269
0.176301 	 -0.123128
0.176401 	 -0.122987
0.176501 	 -0.122846
0.176601 	 -0.122703
0.176701 	 -0.122560
0.176801 	 -0.122416
0.176901 	 -0.122271
0.177001 	 -0.122126
0.177101 	 -0.121979
0.177201 	 -0.121832
0.177301 	 -0.121684
0.177401 	 -0.121536
0.177501 	 -0.121386
0.177601 	 -0.121236
0.177701 	 -0.121085
0.177801 	 -0.120933
0.177901 	 -0.120781
0.178001 	 -0.120627
0.178101 	 -0.120473
0.178201 	 -0.120318
0.178301 	 -0.120162
0.178401 	 -0.120006
0.178501 	 -0.119849
0.178601 	 -0.119690
0.178701 	 -0.119532
0.178801 	 -0.119372
0.178901 	 -0.119211
0.179001 	 -0.119050
0.179101 	 -0.118888
0.179201 	 -0.118725
0.179301 	 -0.118561
0.179401 	 -0.118397
0.179501 	 -0.118231
0.179601 	 -0.118065
0.179701 	 -0.117898
0.179801 	 -0.117730
0.179901 	 -0.117562
0.180001 	 -0.117392
0.180101 	 -0.117222
0.180201 	 -0.117051
0.180301 	 -0.116879
0.180401 	 -0.116707
0.180501 	 -0.116533
0.180601 	 -0.116359
0.180701 	 -0.116184
0.180801 	 -0.116008
0.180901 	 -0.115831
0.181001 	 -0.115653
0.181101 	 -0.115475
0.181201 	 -0.115295
0.181301 	 -0.115115
0.181401 	 -0.114934
0.181501 	 -0.114752
0.181601 	 -0.114570
0.181701 	 -0.114386
0.181801 	 -0.114202
0.181901 	 -0.114017
0.182001 	 -0.113831
0.182101 	 -0.113644
0.182201 	 -0.113456
0.182301 	 -0.113267
0.182401 	 -0.113078
0.182501 	 -0.112888
0.182601 	 -0.112696
0.182701 	 -0.112504
0.182801 	 -0.112311
0.182901 	 -0.112118
0.183001 	 -0.111923
0.183101 	 -0.111728
0.183201 	 -0.111531
0.183301 	 -0.111334
0.183401 	 -0.111136
0.183501 	 -0.110937
0.183601 	 -0.110737
0.183701 	 -0.110537
0.183801 	 -0.110335
0.183901 	 -0.110133
0.184001 	 -0.109930
0.184101 	 -0.109725
0.184201 	 -0.109520
0.184301 	 -0.109314
0.184401 	 -0.109108
0.184501 	 -0.108900
0.184601 	 -0.108691
0.184701 	 -0.108482
0.184801 	 -0.108272
0.184901 	 -0.108060
0.185001 	 -0.107848
0.185101 	 -0.107635
0.185201 	 -0.107421
0.185301 	 -0.107206
0.185401 	 -0.106991
0.185501 	 -0.106774
0.185601 	 -0.106557
0.185701 	 -0.106338
0.185801 	 -0.106119
0.185901 	 -0.105899
0.186001 	 -0.105678
0.186101 	 -0.105456
0.186201 	 -0.105233
0.186301 	 -0.105009
0.186401 	 -0.104784
0.186501 	 -0.104558
0.186601 	 -0.104332
0.186701 	 -0.104104
0.186801 	 -0.103876
0.186901 	 -0.103646
0.187001 	 -0.103416
0.187101 	 -0.103185
0.187201 	 -0.102953
0.187301 	 -0.102720
0.187401 	 -0.102486
0.187501 	 -0.102251
0.187601 	 -0.102015
0.187701 	 -0.101778
0.187801 	 -0.101541
0.187901 	 -0.101302
0.188001 	 -0.101062
0.188101 	 -0.100822
0.188201 	 -0.100581
0.188301 	 -0.100338
0.188401 	 -0.100095
0.188501 	 -0.099851
0.188601 	 -0.099605
0.188701 	 -0.099359
0.188801 	 -0.099112
0.188901 	 -0.098864
0.189001 	 -0.098615
0.189101 	 -0.098365
0.189201 	 -0.098114
0.189301 	 -0.097862
0.189401 	 -0.097609
0.189501 	 -0.097355
0.189601 	 -0.097101
0.189701 	 -0.096845
0.189801 	 -0.096588
0.189901 	 -0.096330
0.190001 	 -0.096072
0.190101 	 -0.095812
0.190201 	 -0.095552
0.190301 	 -0.095290
0.190401 	 -0.095028
0.190501 	 -0.094764
0.190601 	 -0.094500
0.190701 	 -0.094234
0.190801 	 -0.093968
0.190901 	 -0.093700
0.191001 	 -0.093432
0.191101 	 -0.093162
0.191201 	 -0.092892
0.191301 	 -0.092621
0.191401 	 -0.092348
0.191501 	 -0.092075
0.191601 	 -0.091800
0.191701 	 -0.091525
0.191801 	 -0.091249
0.191901 	 -0.090971
0.192001 	 -0.090693
0.192101 	 -0.090414
0.192201 	 -0.090133
0.192301 	 -0.089852
0.192401 	 -0.089570
0.192501 	 -0.089286
0.192601 	 -0.089002
0.192701 	 -0.088716
0.192801 	 -0.088430
0.192901 	 -0.088143
0.193001 	 -0.087854
0.193101 	 -0.087565
0.193201 	 -0.087274
0.193301 	 -0.086983
0.193401 	 -0.086690
0.193501 	 -0.086397
0.193601 	 -0.086102
0.193701 	 -0.085807
0.193801 	 -0.085510
0.193901 	 -0.085212
0.194001 	 -0.084914
0.194101 	 -0.084614
0.194201 	 -0.084313
0.194301 	 -0.084011
0.194401 	 -0.083708
0.194501 	 -0.083405
0.194601 	 -0.083100
0.194701 	 -0.082794
0.194801 	 -0.082487
0.194901 	 -0.082179
0.195001 	 -0.081869
0.195101 	 -0.081559
0.195201 	 -0.081248
0.195301 	 -0.080936
0.195401 	 -0.080622
0.195501 	 -0.080308
0.195601 	 -0.079993
0.195701 	 -0.079676
0.195801 	 -0.079359
0.195901 	 -0.079040
0.196001 	 -0.078720
0.196101 	 -0.078400
0.196201 	 -0.078078
0.196301 	 -0.077755
0.196401 	 -0.077431
0.196501 	 -0.077106
0.196601 	 -0.076780
0.196701 	 -0.076453
0.196801 	 -0.076124
0.196901 	 -0.075795
0.197001 	 -0.075464
0.197101 	 -0.075133
0.197201 	 -0.074800
0.197301 	 -0.074467
0.197401 	 -0.074132
0.197501 	 -0.073796
0.197601 	 -0.073459
0.197701 	 -0.073121
0.197801 	 -0.072782
0.197901 	 -0.072442
0.198001 	 -0.072100
0.198101 	 -0.071758
0.198201 	 -0.071414
0.198301 	 -0.071070
0.198401 	 -0.070724
0.198501 	 -0.070377
0.198601 	 -0.070029
0.198701 	 -0.069680
0.198801 	 -0.069330
0.198901 	 -0.068979
0.199001 	 -0.068626
0.199101 	 -0.068273
0.199201 	 -0.067918
0.199301 	 -0.067562
0.199401 	 -0.067205
0.199501 	 -0.066847
0.199601 	 -0.066488
0.199701 	 -0.066128
0.199801 	 -0.065767
0.199901 	 -0.065404
0.200001 	 -0.065040
