-1.	-0.16542114370020114
-0.999	-0.15993161512144233
-0.998	-0.15582695547478317
-0.997	-0.15224411589849954
-0.996	-0.1489996436784691
-0.995	-0.14600640963670877
-0.994	-0.14321309472626503
-0.993	-0.14058578814356465
-0.992	-0.1381003873332224
-0.991	-0.13573887016350483
-0.99	-0.13348724729125377
-0.989	-0.13133434254039247
-0.988	-0.1292710206584551
-0.987	-0.12728967433136507
-0.986	-0.12538386998345705
-0.985	-0.12354809529035898
-0.984	-0.12177757431474373
-0.983	-0.1200681290328728
-0.982	-0.11841607355104186
-0.981	-0.11681813189824204
-0.98	-0.11527137317092924
-0.979	-0.1137731596789605
-0.978	-0.11232110498946211
-0.977	-0.1109130396135051
-0.976	-0.10954698267078004
-0.975	-0.10822111828427733
-0.974	-0.10693377575734164
-0.973	-0.10568341280448734
-0.972	-0.10446860126960589
-0.971	-0.10328801488685392
-0.97	-0.10214041873136048
-0.969	-0.10102466007803941
-0.968	-0.0999396604409268
-0.967	-0.0988844086084761
-0.966	-0.09785795452379646
-0.965	-0.09685940388533715
-0.964	-0.09588791336514937
-0.963	-0.09494268635877107
-0.962	-0.09402296919491367
-0.961	-0.09312804774433465
-0.96	-0.09225724437674139
-0.959	-0.0914099152221683
-0.958	-0.09058544769967346
-0.957	-0.0897832582815051
-0.956	-0.08900279046535144
-0.955	-0.08824351293104944
-0.954	-0.08750491786112743
-0.953	-0.08678651940754167
-0.952	-0.08608785228890037
-0.951	-0.08540847050464087
-0.95	-0.08474794615420757
-0.949	-0.0841058683507161
-0.948	-0.08348184221986539
-0.947	-0.08287548797589042
-0.946	-0.08228644006725218
-0.945	-0.08171434638562021
-0.944	-0.08115886753241101
-0.943	-0.0806196761377614
-0.942	-0.08009645622726354
-0.941	-0.07958890263235985
-0.94	-0.07909672044082662
-0.9390000000000001	-0.0786196244837733
-0.938	-0.07815733885636196
-0.937	-0.07770959646943093
-0.9359999999999999	-0.07727613862963684
-0.935	-0.07685671464573485
-0.9339999999999999	-0.07645108145921811
-0.933	-0.07605900329727278
-0.9319999999999999	-0.07568025134646048
-0.931	-0.07531460344561773
-0.9299999999999999	-0.07496184379655184
-0.929	-0.07462176269129087
-0.9279999999999999	-0.0742941562546424
-0.927	-0.0739788262011216
-0.926	-0.07367557960518972
-0.925	-0.07338422868385391
-0.924	-0.07310459059095571
-0.923	-0.07283648722219811
-0.922	-0.07257974503036933
-0.921	-0.07233419485000793
-0.92	-0.07209967173093851
-0.919	-0.0718760147801786
-0.918	-0.07166306701159046
-0.917	-0.07146067520291857
-0.916	-0.07126868975967408
-0.915	-0.07108696458555824
-0.914	-0.0709153569589046
-0.913	-0.07075372741495592
-0.912	-0.07060193963347625
-0.911	-0.07045986033151957
-0.91	-0.07032735916101156
-0.909	-0.07020430861084877
-0.908	-0.07009058391335311
-0.907	-0.06998606295475905
-0.906	-0.06989062618954966
-0.905	-0.0698041565584693
-0.904	-0.06972653940993308
-0.903	-0.06965766242477099
-0.902	-0.06959741554402413
-0.901	-0.06954569089975164
-0.9	-0.06950238274854023
-0.899	-0.06946738740776136
-0.898	-0.06944060319428152
-0.897	-0.06942193036568682
-0.896	-0.069411271063592
-0.895	-0.06940852925937058
-0.894	-0.06941361070176086
-0.893	-0.0694264228665248
-0.892	-0.06944687490803207
-0.891	-0.06947487761251465
-0.89	-0.06951034335317795
-0.889	-0.06955318604684742
-0.888	-0.06960332111218896
-0.887	-0.0696606654294692
-0.886	-0.06972513730168937
-0.885	-0.06979665641710422
-0.884	-0.06987514381305854
-0.883	-0.06996052184100808
-0.882	-0.0700527141328388
-0.881	-0.07015164556823753
-0.88	-0.07025724224318732
-0.879	-0.07036943143951477
-0.878	-0.07048814159548823
-0.877	-0.07061330227726581
-0.876	-0.07074484415139302
-0.875	-0.07088269895813051
-0.874	-0.07102679948561184
-0.873	-0.07117707954490404
-0.872	-0.07133347394572705
-0.871	-0.07149591847306479
-0.87	-0.07166434986440323
-0.869	-0.07183870578772933
-0.868	-0.07201892482015611
-0.867	-0.07220494642723592
-0.866	-0.07239671094284511
-0.865	-0.07259415954974816
-0.864	-0.07279723426063026
-0.863	-0.07300587789978782
-0.862	-0.07322003408528673
-0.861	-0.07343964721167638
-0.86	-0.07366466243317311
-0.859	-0.07389502564734006
-0.858	-0.07413068347923622
-0.857	-0.07437158326598582
-0.856	-0.0746176730417908
-0.855	-0.07486890152337286
-0.854	-0.07512521809580508
-0.853	-0.07538657279873837
-0.852	-0.07565291631297447
-0.851	-0.07592419994743199
-0.85	-0.07620037562647532
-0.849	-0.07648139587752471
-0.848	-0.07676721381905009
-0.847	-0.0770577831488384
-0.846	-0.07735305813262422
-0.845	-0.07765299359294046
-0.844	-0.07795754489829433
-0.843	-0.07826666795264972
-0.842	-0.0785803191851325
-0.841	-0.07889845554000756
-0.84	-0.07922103446689886
-0.839	-0.07954801391129851
-0.838	-0.07987935230524985
-0.837	-0.08021500855830004
-0.836	-0.08055494204867039
-0.835	-0.08089911261461026
-0.834	-0.08124748054601143
-0.833	-0.08160000657618136
-0.832	-0.08195665187383354
-0.831	-0.08231737803525443
-0.83	-0.0826821470766731
-0.829	-0.08305092142680821
-0.828	-0.0834236639195636
-0.827	-0.08380033778691727
-0.826	-0.08418090665196712
-0.825	-0.08456533452217191
-0.8240000000000001	-0.08495358578263841
-0.823	-0.08534562518970501
-0.8220000000000001	-0.08574141786454904
-0.821	-0.08614092928703818
-0.8200000000000001	-0.08654412528961157
-0.819	-0.08695097205139943
-0.8180000000000001	-0.08736143609238842
-0.817	-0.08777548426778099
-0.8160000000000001	-0.08819308376243945
-0.815	-0.08861420208544289
-0.8140000000000001	-0.08903880706481368
-0.813	-0.0894668668422924
-0.812	-0.08989834986825099
-0.8109999999999999	-0.09033322489672581
-0.81	-0.09077146098057558
-0.8089999999999999	-0.0912130274666384
-0.808	-0.09165789399113512
-0.8069999999999999	-0.09210603047505256
-0.806	-0.09255740711967365
-0.8049999999999999	-0.09301199440218524
-0.804	-0.09346976307141781
-0.8029999999999999	-0.09393068414357367
-0.802	-0.09439472889814643
-0.8009999999999999	-0.09486186887386049
-0.8	-0.09533207586470605
-0.7989999999999999	-0.09580532191608428
-0.798	-0.09628157932096915
-0.7969999999999999	-0.09676082061617636
-0.796	-0.09724301857873292
-0.7949999999999999	-0.09772814622226939
-0.794	-0.09821617679349874
-0.7929999999999999	-0.09870708376880105
-0.792	-0.09920084085078196
-0.791	-0.09969742196502095
-0.79	-0.10019680125676647
-0.789	-0.10069895308775179
-0.788	-0.10120385203308906
-0.787	-0.10171147287815968
-0.786	-0.10222179061560835
-0.785	-0.10273478044241378
-0.784	-0.10325041775690982
-0.783	-0.10376867815600727
-0.782	-0.10428953743234474
-0.781	-0.10481297157155975
-0.78	-0.10533895674959087
-0.779	-0.10586746933000603
-0.778	-0.10639848586141211
-0.777	-0.10693198307489415
-0.776	-0.10746793788151893
-0.775	-0.10800632736982742
-0.774	-0.10854712880345348
-0.773	-0.10909031961872338
-0.772	-0.10963587742231382
-0.771	-0.11018377998895687
-0.77	-0.11073400525916484
-0.769	-0.11128653133704695
-0.768	-0.11184133648807625
-0.767	-0.11239839913699383
-0.766	-0.11295769786565044
-0.765	-0.11351921141097243
-0.764	-0.1140829186629175
-0.763	-0.1146487986624384
-0.762	-0.11521683059954732
-0.761	-0.11578699381135972
-0.76	-0.11635926778019044
-0.759	-0.1169336321316898
-0.758	-0.11751006663296111
-0.757	-0.11808855119081073
-0.756	-0.11866906584991128
-0.755	-0.11925159079104507
-0.754	-0.11983610632941634
-0.753	-0.12042259291291223
-0.752	-0.12101103112044188
-0.751	-0.12160140166030234
-0.75	-0.1221936853685388
-0.749	-0.12278786320734766
-0.748	-0.1233839162635473
-0.747	-0.12398182574697186
-0.746	-0.12458157298898685
-0.745	-0.12518313944099238
-0.744	-0.1257865066729341
-0.743	-0.1263916563718509
-0.742	-0.12699857034044362
-0.741	-0.12760723049569844
-0.74	-0.12821761886744773
-0.739	-0.12882971759704143
-0.738	-0.12944350893598647
-0.737	-0.1300589752446199
-0.736	-0.1306760989908137
-0.735	-0.13129486274867633
-0.734	-0.13191524919728614
-0.733	-0.13253724111945173
-0.732	-0.13316082140048233
-0.731	-0.13378597302695186
-0.73	-0.13441267908552443
-0.729	-0.13504092276177143
-0.728	-0.13567068733902565
-0.727	-0.13630195619719312
-0.726	-0.13693471281167122
-0.725	-0.13756894075221685
-0.724	-0.13820462368184933
-0.723	-0.13884174535576763
-0.722	-0.1394802896202908
-0.721	-0.14012024041181473
-0.72	-0.14076158175573775
-0.719	-0.14140429776549196
-0.718	-0.14204837264149411
-0.717	-0.1426937906701931
-0.716	-0.1433405362230148
-0.715	-0.14398859375548823
-0.714	-0.14463794780622763
-0.713	-0.14528858299599792
-0.712	-0.1459404840268163
-0.7110000000000001	-0.14659363568101044
-0.71	-0.14724802282031058
-0.7090000000000001	-0.14790363038499402
-0.708	-0.14856044339296245
-0.7070000000000001	-0.14921844693888614
-0.706	-0.14987762619335296
-0.7050000000000001	-0.15053796640202274
-0.704	-0.15119945288479097
-0.7030000000000001	-0.15186207103494975
-0.702	-0.15252580631841045
-0.7010000000000001	-0.15319064427286289
-0.7	-0.15385657050697624
-0.6990000000000001	-0.15452357069967962
-0.698	-0.15519163059931484
-0.6970000000000001	-0.15586073602290065
-0.696	-0.15653087285539768
-0.6950000000000001	-0.15720202704895175
-0.694	-0.1578741846221313
-0.6930000000000001	-0.15854733165925647
-0.692	-0.15922145430962437
-0.6910000000000001	-0.15989653878684484
-0.69	-0.16057257136810668
-0.6890000000000001	-0.16124953839353298
-0.688	-0.1619274262654328
-0.687	-0.16260622144769457
-0.6859999999999999	-0.16328591046506752
-0.685	-0.16396647990254049
-0.6839999999999999	-0.16464791640466495
-0.683	-0.165330206674912
-0.6819999999999999	-0.16601333747508265
-0.681	-0.1666972956245953
-0.6799999999999999	-0.16738206799996738
-0.679	-0.16806764153410828
-0.6779999999999999	-0.16875400321577708
-0.677	-0.1694411400889508
-0.6759999999999999	-0.1701290392522522
-0.675	-0.17081768785835452
-0.6739999999999999	-0.1715070731133777
-0.673	-0.17219718227638403
-0.6719999999999999	-0.17288800265873974
-0.671	-0.17357952162359405
-0.6699999999999999	-0.1742717265853091
-0.669	-0.17496460500893743
-0.6679999999999999	-0.17565814440966146
-0.667	-0.1763523323522449
-0.6659999999999999	-0.17704715645055324
-0.665	-0.17774260436696748
-0.6639999999999999	-0.1784386638119096
-0.663	-0.17913532254332248
-0.6619999999999999	-0.1798325683661492
-0.661	-0.18053038913184455
-0.6599999999999999	-0.18122877273788476
-0.659	-0.18192770712726666
-0.6579999999999999	-0.18262718028801023
-0.657	-0.18332718025271982
-0.6559999999999999	-0.18402769509804237
-0.655	-0.18472871294426224
-0.6539999999999999	-0.185430221954831
-0.653	-0.18613221033583388
-0.6519999999999999	-0.1868346663356189
-0.651	-0.1875375782443189
-0.6499999999999999	-0.1882409343933791
-0.649	-0.18894472315514305
-0.648	-0.1896489329423892
-0.647	-0.19035355220795594
-0.646	-0.19105856944423363
-0.645	-0.1917639731827846
-0.644	-0.19246975199392696
-0.643	-0.1931758944863001
-0.642	-0.19388238930644847
-0.641	-0.19458922513843124
-0.64	-0.19529639070341312
-0.639	-0.19600387475926004
-0.638	-0.1967116661001337
-0.637	-0.197419753556115
-0.636	-0.1981281259928009
-0.635	-0.19883677231091745
-0.634	-0.1995456814459693
-0.633	-0.2002548423677959
-0.632	-0.20096424408028374
-0.631	-0.20167387562091532
-0.63	-0.20238372606043276
-0.629	-0.20309378450248178
-0.628	-0.20380404008325007
-0.627	-0.20451448197107713
-0.626	-0.20522509936613967
-0.625	-0.2059358815000484
-0.624	-0.2066468176355745
-0.623	-0.20735789706624078
-0.622	-0.20806910911598825
-0.621	-0.20878044313885746
-0.62	-0.20949188851862355
-0.619	-0.2102034346685089
-0.618	-0.2109150710307868
-0.617	-0.2116267870764815
-0.616	-0.21233857230508155
-0.615	-0.21305041624416823
-0.614	-0.21376230844907929
-0.613	-0.21447423850263433
-0.612	-0.21518619601482744
-0.611	-0.21589817062245695
-0.61	-0.21661015198885994
-0.609	-0.21732212980360255
-0.608	-0.21803409378214264
-0.607	-0.21874603366556686
-0.606	-0.219457939220257
-0.605	-0.22016980023761584
-0.604	-0.22088160653374067
-0.603	-0.22159334794916746
-0.602	-0.22230501434854233
-0.601	-0.22301659562037274
-0.6	-0.22372808167668437
-0.599	-0.22443946245279608
-0.598	-0.22515072790698934
-0.597	-0.22586186802023228
-0.596	-0.22657287279595337
-0.595	-0.22728373225966744
-0.594	-0.227994436458813
-0.593	-0.22870497546238377
-0.592	-0.22941533936069666
-0.591	-0.2301255182651412
-0.59	-0.23083550230786967
-0.589	-0.2315452816415533
-0.588	-0.23225484643911098
-0.587	-0.23296418689348453
-0.586	-0.23367329321729366
-0.585	-0.23438215564265832
-0.584	-0.23509076442091498
-0.583	-0.23579910982233884
-0.5820000000000001	-0.2365071821358953
-0.581	-0.23721497166902386
-0.5800000000000001	-0.23792246874736014
-0.579	-0.23862966371445407
-0.5780000000000001	-0.23933654693158646
-0.577	-0.240043108777487
-0.5760000000000001	-0.24074933964806935
-0.575	-0.241455229956223
-0.5740000000000001	-0.24216077013155815
-0.573	-0.24286595062018332
-0.5720000000000001	-0.24357076188438528
-0.571	-0.2442751944025233
-0.5700000000000001	-0.2449792386686655
-0.569	-0.24568288519243572
-0.5680000000000001	-0.2463861244987515
-0.567	-0.2470889471275667
-0.5660000000000001	-0.24779134363367616
-0.565	-0.24849330458648128
-0.5640000000000001	-0.24919482056972156
-0.563	-0.24989588218130082
-0.562	-0.2505964800330098
-0.5609999999999999	-0.2512966047503471
-0.56	-0.2519962469722432
-0.5589999999999999	-0.2526953973508856
-0.558	-0.2533940465514494
-0.5569999999999999	-0.2540921852519261
-0.556	-0.25478980414284574
-0.5549999999999999	-0.255486893927096
-0.554	-0.25618344531969295
-0.5529999999999999	-0.2568794490475681
-0.552	-0.2575748958493302
-0.5509999999999999	-0.2582697764750856
-0.55	-0.2589640816861669
-0.5489999999999999	-0.25965780225497304
-0.548	-0.2603509289647502
-0.5469999999999999	-0.261043452609312
-0.546	-0.2617353639929253
-0.5449999999999999	-0.26242665393004905
-0.544	-0.2631173132450733
-0.5429999999999999	-0.26380733277222335
-0.542	-0.2644967033552647
-0.5409999999999999	-0.2651854158472972
-0.54	-0.26587346111061627
-0.5389999999999999	-0.2665608300164146
-0.538	-0.26724751344463643
-0.5369999999999999	-0.2679335022837467
-0.536	-0.26861878743054424
-0.5349999999999999	-0.2693033597899636
-0.534	-0.26998721027480566
-0.5329999999999999	-0.2706703298056109
-0.532	-0.2713527093104416
-0.5309999999999999	-0.2720343397246411
-0.53	-0.2727152119906684
-0.5289999999999999	-0.27339531705788805
-0.528	-0.27407464588236846
-0.5269999999999999	-0.2747531894266609
-0.526	-0.27543093865964163
-0.5249999999999999	-0.27610788455628843
-0.524	-0.27678401809746705
-0.5229999999999999	-0.2774593302697571
-0.522	-0.2781338120652623
-0.5209999999999999	-0.2788074544813633
-0.52	-0.27948024852057735
-0.519	-0.2801521851903329
-0.518	-0.28082325550275256
-0.517	-0.2814934504745222
-0.516	-0.28216276112662014
-0.515	-0.2828311784841667
-0.514	-0.28349869357623103
-0.513	-0.28416529743559193
-0.512	-0.2848309810985964
-0.511	-0.2854957356049253
-0.51	-0.28615955199741544
-0.509	-0.28682242132187846
-0.508	-0.28748433462686457
-0.507	-0.2881452829635309
-0.506	-0.2888052573853918
-0.505	-0.2894642489481259
-0.504	-0.2901222487094488
-0.503	-0.2907792477288328
-0.502	-0.29143523706736
-0.501	-0.2920902077875444
-0.5	-0.29274415095307826
-0.499	-0.2933970576286992
-0.498	-0.2940489188799947
-0.497	-0.29469972577314474
-0.496	-0.29534946937479933
-0.495	-0.295998140751831
-0.494	-0.29664573097119595
-0.493	-0.2972922310997179
-0.492	-0.29793763220383485
-0.491	-0.298581925349522
-0.49	-0.29922510160200283
-0.489	-0.2998671520255888
-0.488	-0.3005080676834788
-0.487	-0.30114783963759423
-0.486	-0.30178645894833844
-0.485	-0.3024239166744234
-0.484	-0.3030602038726829
-0.483	-0.3036953115978715
-0.482	-0.30432923090246616
-0.481	-0.30496195283646493
-0.48	-0.30559346844720847
-0.479	-0.3062237687791815
-0.478	-0.30685284487378117
-0.477	-0.30748068776918003
-0.476	-0.3081072885000806
-0.475	-0.30873263809752743
-0.474	-0.3093567275887524
-0.473	-0.3099795479969027
-0.472	-0.3106010903409118
-0.471	-0.31122134563521636
-0.47	-0.3118403048897013
-0.469	-0.3124579591093362
-0.46799999999999997	-0.3130742992940695
-0.46699999999999997	-0.31368931643860726
-0.46599999999999997	-0.31430300153223373
-0.46499999999999997	-0.3149153455585441
-0.46399999999999997	-0.31552633949533554
-0.46299999999999997	-0.3161359743143146
-0.46199999999999997	-0.31674424098095644
-0.46099999999999997	-0.31735113045429214
-0.45999999999999996	-0.31795663368665217
-0.45899999999999996	-0.31856074162353964
-0.45799999999999996	-0.3191634452033856
-0.45699999999999996	-0.3197647353572925
-0.45599999999999996	-0.32036460300895186
-0.45499999999999996	-0.3209630390743254
-0.45399999999999996	-0.321560034461462
-0.45299999999999996	-0.32215558007033135
-0.45199999999999996	-0.32274966679256073
-0.45099999999999996	-0.3233422855112627
-0.44999999999999996	-0.3239334271008221
-0.44899999999999995	-0.3245230824266486
-0.44799999999999995	-0.32511124234498034
-0.44699999999999995	-0.3256978977027215
-0.44599999999999995	-0.3262830393371283
-0.44499999999999995	-0.3268666580756886
-0.44399999999999995	-0.3274487447358579
-0.44299999999999995	-0.3280292901248365
-0.44199999999999995	-0.3286082850393807
-0.44099999999999995	-0.32918572026557064
-0.43999999999999995	-0.32976158657857135
-0.43899999999999995	-0.33033587474246306
-0.43799999999999994	-0.33090857550992825
-0.43699999999999994	-0.33147967962215763
-0.43599999999999994	-0.3320491778084889
-0.43499999999999994	-0.3326170607862978
-0.43399999999999994	-0.3331833192607128
-0.43299999999999994	-0.33374794392436524
-0.43199999999999994	-0.33431092545722557
-0.43099999999999994	-0.33487225452633895
-0.42999999999999994	-0.335431921785571
-0.42899999999999994	-0.33598991787544646
-0.42799999999999994	-0.3365462334228218
-0.42699999999999994	-0.3371008590407632
-0.42599999999999993	-0.33765378532818774
-0.42499999999999993	-0.33820500286972044
-0.42399999999999993	-0.3387545022354218
-0.42300000000000004	-0.33930227398056007
-0.42200000000000004	-0.33984830864533344
-0.42100000000000004	-0.34039259675469347
-0.42000000000000004	-0.340935128818028
-0.41900000000000004	-0.3414758953289667
-0.41800000000000004	-0.3420148867651491
-0.41700000000000004	-0.34255209358790545
-0.41600000000000004	-0.34308750624205614
-0.41500000000000004	-0.3436211151556926
-0.41400000000000003	-0.3441529107398439
-0.41300000000000003	-0.34468288338830777
-0.41200000000000003	-0.34521102347729704
-0.41100000000000003	-0.34573732136532787
-0.41000000000000003	-0.34626176739277026
-0.40900000000000003	-0.34678435188176604
-0.40800000000000003	-0.3473050651358659
-0.40700000000000003	-0.3478238974397789
-0.406	-0.3483408390591233
-0.405	-0.34885588024018976
-0.404	-0.34936901120957414
-0.403	-0.3498802221740242
-0.402	-0.35038950332007723
-0.401	-0.35089684481384203
-0.4	-0.3514022368006841
-0.399	-0.3519056694049521
-0.398	-0.35240713272974716
-0.397	-0.352906616856571
-0.396	-0.35340411184505566
-0.395	-0.3538996077327173
-0.394	-0.3543930945346392
-0.393	-0.3548845622431845
-0.392	-0.35537400082767817
-0.391	-0.355861400234142
-0.39	-0.3563467503850073
-0.389	-0.3568300411787808
-0.388	-0.3573112624897422
-0.387	-0.3577904041676892
-0.386	-0.3582674560375655
-0.385	-0.35874240789918055
-0.384	-0.35921524952691813
-0.383	-0.3596859706693757
-0.382	-0.36015456104909976
-0.381	-0.36062101036220406
-0.38	-0.36108530827810453
-0.379	-0.36154744443915554
-0.378	-0.3620074084603549
-0.377	-0.362465189928976
-0.376	-0.36292077840427334
-0.375	-0.3633741634170768
-0.374	-0.3638253344695614
-0.373	-0.3642742810348279
-0.372	-0.364720992556542
-0.371	-0.3651654584486502
-0.37	-0.3656076680949715
-0.369	-0.36604761084890564
-0.368	-0.3664852760329929
-0.367	-0.3669206529386333
-0.366	-0.3673537308256656
-0.365	-0.36778449892202264
-0.364	-0.36821294642337454
-0.363	-0.3686390624927163
-0.362	-0.3690628362600464
-0.361	-0.36948425682189767
-0.36	-0.36990331324105
-0.359	-0.37031999454611036
-0.358	-0.3707342897310376
-0.357	-0.371146187754911
-0.356	-0.3715556775413756
-0.355	-0.37196274797830087
-0.354	-0.3723673879174075
-0.353	-0.372769586173784
-0.352	-0.3731693315255379
-0.351	-0.3735666127133302
-0.35	-0.3739614184399584
-0.349	-0.37435373736998484
-0.348	-0.37474355812918964
-0.347	-0.3751308693042528
-0.346	-0.375515659442259
-0.345	-0.37589791705020814
-0.344	-0.3762776305946661
-0.34299999999999997	-0.3766547885012534
-0.34199999999999997	-0.3770293791541399
-0.34099999999999997	-0.37740139089568836
-0.33999999999999997	-0.3777708120258749
-0.33899999999999997	-0.3781376308019292
-0.33799999999999997	-0.3785018354377117
-0.33699999999999997	-0.3788634141033749
-0.33599999999999997	-0.37922235492479545
-0.33499999999999996	-0.3795786459830629
-0.33399999999999996	-0.3799322753140406
-0.33299999999999996	-0.38028323090784283
-0.33199999999999996	-0.3806315007082679
-0.33099999999999996	-0.38097707261236885
-0.32999999999999996	-0.38131993446984364
-0.32899999999999996	-0.381660074082602
-0.32799999999999996	-0.38199747920413485
-0.32699999999999996	-0.3823321375390505
-0.32599999999999996	-0.3826640367424779
-0.32499999999999996	-0.3829931644195763
-0.32399999999999995	-0.38331950812488
-0.32299999999999995	-0.38364305536183063
-0.32199999999999995	-0.3839637935821561
-0.32099999999999995	-0.38428171018530166
-0.31999999999999995	-0.38459679251784573
-0.31899999999999995	-0.38490902787291875
-0.31799999999999995	-0.38521840348958925
-0.31699999999999995	-0.38552490655230515
-0.31599999999999995	-0.385828524190157
-0.31499999999999995	-0.38612924347642547
-0.31399999999999995	-0.3864270514278716
-0.31299999999999994	-0.38672193500406965
-0.31199999999999994	-0.3870138811068119
-0.31099999999999994	-0.3873028765794635
-0.30999999999999994	-0.38758890820628983
-0.30899999999999994	-0.3878719627118107
-0.30799999999999994	-0.38815202676008204
-0.30699999999999994	-0.38842908695405387
-0.30599999999999994	-0.38870312983486016
-0.30499999999999994	-0.3889741418811845
-0.30399999999999994	-0.38924210950842325
-0.30299999999999994	-0.3895070190680962
-0.30199999999999994	-0.3897688568470647
-0.30099999999999993	-0.3900276090668088
-0.29999999999999993	-0.3902832618826739
-0.29899999999999993	-0.3905358013830947
-0.29799999999999993	-0.39078521358895746
-0.29699999999999993	-0.3910314844526368
-0.29600000000000004	-0.3912745998573606
-0.29500000000000004	-0.3915145456163779
-0.29400000000000004	-0.39175130747212233
-0.29300000000000004	-0.39198487109545227
-0.29200000000000004	-0.3922152220847961
-0.29100000000000004	-0.3924423459653353
-0.29000000000000004	-0.392666228188128
-0.28900000000000003	-0.3928868541293
-0.28800000000000003	-0.3931042090891437
-0.28700000000000003	-0.39331827829124877
-0.28600000000000003	-0.39352904688161366
-0.28500000000000003	-0.39373649992775966
-0.28400000000000003	-0.3939406224177951
-0.28300000000000003	-0.3941413992594373
-0.28200000000000003	-0.39433881527919085
-0.281	-0.3945328552213943
-0.28	-0.3947235037469097
-0.279	-0.39491074543282106
-0.278	-0.3950945647708703
-0.277	-0.39527494616641196
-0.276	-0.3954518739379719
-0.275	-0.3956253323157063
-0.274	-0.3957953054404203
-0.273	-0.39596177736253824
-0.272	-0.3961247320413149
-0.271	-0.396284153343258
-0.27	-0.3964400250412964
-0.269	-0.3965923308138294
-0.268	-0.39674105424287737
-0.267	-0.396886178814062
-0.266	-0.39702768791407617
-0.265	-0.3971655648306979
-0.264	-0.397299792750851
-0.263	-0.39743035475977384
-0.262	-0.39755723383937036
-0.261	-0.39768041286715866
-0.26	-0.39779987461540467
-0.259	-0.39791560174878365
-0.258	-0.39802757682421736
-0.257	-0.3981357822887134
-0.256	-0.39824020047830744
-0.255	-0.3983408136167547
-0.254	-0.3984376038139538
-0.253	-0.39853055306460955
-0.252	-0.3986196432466994
-0.251	-0.39870485612013684
-0.25	-0.398786173325109
-0.249	-0.3988635763807482
-0.248	-0.39893704668341884
-0.247	-0.399006565505361
-0.246	-0.3990721139925586
-0.245	-0.39913367316387893
-0.244	-0.39919122390916284
-0.243	-0.3992447469870062
-0.242	-0.3992942230238088
-0.241	-0.3993396325117842
-0.24	-0.39938095580702093
-0.239	-0.39941817312791794
-0.238	-0.3994512645532955
-0.237	-0.3994802100205761
-0.236	-0.39950498932387984
-0.235	-0.399525582112163
-0.23399999999999999	-0.39954196788714375
-0.23299999999999998	-0.39955412600160994
-0.23199999999999998	-0.39956203565713233
-0.23099999999999998	-0.3995656759022444
-0.22999999999999998	-0.39956502563007074
-0.22899999999999998	-0.39956006357674784
-0.22799999999999998	-0.3995507683186262
-0.22699999999999998	-0.3995371182706345
-0.22599999999999998	-0.3995190916836661
-0.22499999999999998	-0.399496666642717
-0.22399999999999998	-0.39946982106427076
-0.22299999999999998	-0.39943853269389695
-0.22199999999999998	-0.39940277910421945
-0.22099999999999997	-0.3993625376924859
-0.21999999999999997	-0.3993177856774699
-0.21899999999999997	-0.39926850009762344
-0.21799999999999997	-0.39921465780856213
-0.21699999999999997	-0.3991562354798955
-0.21599999999999997	-0.39909320959293926
-0.21499999999999997	-0.3990255564382145
-0.21399999999999997	-0.3989532521121079
-0.21299999999999997	-0.3988762725147114
-0.21199999999999997	-0.3987945933465687
-0.21099999999999997	-0.398708190105974
-0.20999999999999996	-0.39861703808570503
-0.20899999999999996	-0.39852111237046356
-0.20799999999999996	-0.3984203878335794
-0.20699999999999996	-0.39831483913361426
-0.20599999999999996	-0.39820444071175987
-0.20499999999999996	-0.39808916678780365
-0.20399999999999996	-0.39796899135792496
-0.20299999999999996	-0.3978438881899773
-0.20199999999999996	-0.3977138308211584
-0.20099999999999996	-0.3975787925537743
-0.19999999999999996	-0.39743874645212796
-0.19899999999999995	-0.39729366533861105
-0.19799999999999995	-0.39714352179003765
-0.19699999999999995	-0.3969882881337076
-0.19599999999999995	-0.39682793644382536
-0.19499999999999995	-0.3966624385372798
-0.19399999999999995	-0.39649176596979263
-0.19299999999999995	-0.39631589003157014
-0.19199999999999995	-0.39613478174328126
-0.19099999999999995	-0.3959484118517093
-0.18999999999999995	-0.3957567508253607
-0.18899999999999995	-0.3955597688499744
-0.18799999999999994	-0.395357435823946
-0.18699999999999994	-0.39514972135373727
-0.18599999999999994	-0.3949365947490169
-0.18499999999999994	-0.3947180250178421
-0.18399999999999994	-0.3944939808616283
-0.18299999999999994	-0.39426443067013295
-0.18199999999999994	-0.39402934251628274
-0.18099999999999994	-0.3937886841507158
-0.17999999999999994	-0.39354242299658204
-0.17899999999999994	-0.3932905261437153
-0.17799999999999994	-0.3930329603432624
-0.17699999999999994	-0.3927696920016574
-0.17599999999999993	-0.392500687175037
-0.17499999999999993	-0.3922259115626325
-0.17399999999999993	-0.39194533050090025
-0.17299999999999993	-0.3916589089575535
-0.17199999999999993	-0.3913666115242298
-0.17099999999999993	-0.39106840241045093
-0.16999999999999993	-0.39076424543673055
-0.16899999999999993	-0.39045410402782504
-0.16799999999999993	-0.39013794120475953
-0.16700000000000004	-0.3898157195789178
-0.16600000000000004	-0.3894874013431029
-0.16500000000000004	-0.38915294826515634
-0.16400000000000003	-0.38881232167948865
-0.16300000000000003	-0.3884654824790933
-0.16200000000000003	-0.38811239110748813
-0.16100000000000003	-0.38775300755016134
-0.16000000000000003	-0.3873872913261868
-0.15900000000000003	-0.3870152014791999
-0.15800000000000003	-0.38663669656830285
-0.15700000000000003	-0.3862517346589415
-0.15600000000000003	-0.38586027331338335
-0.15500000000000003	-0.3854622695807285
-0.15400000000000003	-0.3850576799871029
-0.15300000000000002	-0.38464646052535606
-0.15200000000000002	-0.384228566644247
-0.15100000000000002	-0.38380395323833955
-0.15000000000000002	-0.38337257463599456
-0.14900000000000002	-0.3829343845884989
-0.14800000000000002	-0.38248933625814174
-0.14700000000000002	-0.3820373822066904
-0.14600000000000002	-0.381578474382131
-0.14500000000000002	-0.3811125641066466
-0.14400000000000002	-0.3806396020636708
-0.14300000000000002	-0.38015953828387555
-0.14200000000000002	-0.37967232213192736
-0.14100000000000001	-0.3791779022920483
-0.14	-0.3786762267537349
-0.139	-0.3781672427962818
-0.138	-0.3776508969740171
-0.137	-0.3771271350998601
-0.136	-0.37659590222916395
-0.135	-0.3760571426433728
-0.134	-0.3755107998319173
-0.133	-0.37495681647513335
-0.132	-0.3743951344254179
-0.131	-0.3738256946885853
-0.13	-0.37324843740429803
-0.129	-0.3726633018259729
-0.128	-0.3720702263001187
-0.127	-0.37146914824500515
-0.126	-0.3708600041285231
-0.125	-0.3702427294456029
-0.124	-0.3696172586948378
-0.123	-0.3689835253537281
-0.122	-0.3683414618546521
-0.121	-0.36769099955801987
-0.12	-0.36703206872649613
-0.119	-0.36636459849684794
-0.118	-0.36568851685170783
-0.11699999999999999	-0.3650037505902142
-0.11599999999999999	-0.3643102252972736
-0.11499999999999999	-0.3636078653123243
-0.11399999999999999	-0.3628965936967379
-0.11299999999999999	-0.36217633219986833
-0.11199999999999999	-0.3614470012244637
-0.11099999999999999	-0.36070851979001567
-0.10999999999999999	-0.35996080549571247
-0.10899999999999999	-0.3592037744815144
-0.10799999999999998	-0.3584373413876543
-0.10699999999999998	-0.35766141931304085
-0.10599999999999998	-0.35687591977198774
-0.10499999999999998	-0.3560807526491361
-0.10399999999999998	-0.35527582615298525
-0.10299999999999998	-0.35446104676707846
-0.10199999999999998	-0.35363631920013705
-0.10099999999999998	-0.3528015463333238
-0.09999999999999998	-0.3519566291658866
-0.09899999999999998	-0.35110146675903947
-0.09799999999999998	-0.3502359561766614
-0.09699999999999998	-0.3493599924239467
-0.09599999999999997	-0.34847346838431054
-0.09499999999999997	-0.3475762747521846
-0.09399999999999997	-0.34666829996415127
-0.09299999999999997	-0.3457494301269098
-0.09199999999999997	-0.34481954894153144
-0.09099999999999997	-0.3438785376254991
-0.08999999999999997	-0.3429262748300716
-0.08899999999999997	-0.34196263655520215
-0.08799999999999997	-0.3409874960596844
-0.08699999999999997	-0.34000072376775825
-0.08599999999999997	-0.3390021871710116
-0.08499999999999996	-0.33799175072630505
-0.08399999999999996	-0.3369692757482374
-0.08299999999999996	-0.33593462029692284
-0.08199999999999996	-0.33488763906016894
-0.08099999999999996	-0.3338281832299697
-0.07999999999999996	-0.3327561003732015
-0.07899999999999996	-0.3316712342948572
-0.07799999999999996	-0.33057342489583874
-0.07699999999999996	-0.3294625080219806
-0.07599999999999996	-0.32833831530650864
-0.07499999999999996	-0.3272006740029482
-0.07399999999999995	-0.32604940681065847
-0.07299999999999995	-0.32488433168905273
-0.07199999999999995	-0.3237052616634508
-0.07099999999999995	-0.32251200461904955
-0.06999999999999995	-0.32130436308335447
-0.06899999999999995	-0.320082133996817
-0.06799999999999995	-0.31884510846937375
-0.06699999999999995	-0.3175930715232303
-0.06599999999999995	-0.31632580182021186
-0.06499999999999995	-0.3150430713721738
-0.06399999999999995	-0.31374464523417583
-0.06299999999999994	-0.31243028117793037
-0.061999999999999944	-0.3110997293448305
-0.06099999999999994	-0.3097527318769368
-0.05999999999999994	-0.30838902252276745
-0.05899999999999994	-0.30700832621762464
-0.05799999999999994	-0.30561035863541147
-0.05699999999999994	-0.30419482570893086
-0.05599999999999994	-0.30276142311734233
-0.05499999999999994	-0.30130983573650094
-0.05399999999999994	-0.2998397370492203
-0.052999999999999936	-0.29835078851212266
-0.051999999999999935	-0.2968426388745268
-0.050999999999999934	-0.2953149234451248
-0.04999999999999993	-0.2937672633010637
-0.04899999999999993	-0.2921992644333319
-0.04799999999999993	-0.2906105168228841
-0.04699999999999993	-0.28900059343958545
-0.04599999999999993	-0.28736904915560735
-0.04499999999999993	-0.28571541956532936
-0.04399999999999993	-0.2840392196986458
-0.04299999999999993	-0.28233994261868134
-0.041999999999999926	-0.28061705788842584
-0.040999999999999925	-0.27887000989149396
-0.040000000000000036	-0.27709821598829526
-0.039000000000000035	-0.2753010644888564
-0.038000000000000034	-0.27347791241664293
-0.03700000000000003	-0.27162808303760455
-0.03600000000000003	-0.26975086312107577
-0.03500000000000003	-0.26784549989710343
-0.03400000000000003	-0.26591119766519744
-0.03300000000000003	-0.26394711400375526
-0.03200000000000003	-0.2619523555205191
-0.031000000000000028	-0.2599259730703824
-0.030000000000000027	-0.25786695635601664
-0.029000000000000026	-0.25577422780859366
-0.028000000000000025	-0.2536466356226899
-0.027000000000000024	-0.25148294579579145
-0.026000000000000023	-0.24928183298683554
-0.025000000000000022	-0.24704186996747862
-0.02400000000000002	-0.24476151538250052
-0.02300000000000002	-0.24243909946800868
-0.02200000000000002	-0.24007280728282904
-0.02100000000000002	-0.23766065888488946
-0.020000000000000018	-0.23520048572619384
-0.019000000000000017	-0.23268990231748676
-0.018000000000000016	-0.23012627191500773
-0.017000000000000015	-0.22750666456417856
-0.016000000000000014	-0.22482780524602852
-0.015000000000000013	-0.2220860090209416
-0.014000000000000012	-0.2192770988226287
-0.013000000000000012	-0.21639629967349028
-0.01200000000000001	-0.213438100211932
-0.01100000000000001	-0.2103960678275043
-0.010000000000000009	-0.20726259617431653
-0.009000000000000008	-0.20402855097076938
-0.008000000000000007	-0.20068275701423155
-0.007000000000000006	-0.19721122593816898
-0.006000000000000005	-0.19359593658956964
-0.0050000000000000044	-0.18981278739524365
-0.0040000000000000036	-0.18582786853609495
-0.0030000000000000027	-0.1815898619525892
-0.0020000000000000018	-0.17701163945706688
-0.0010000000000000009	-0.1719097493282713
0.	-0.16542114370038136
0.001000000000000112	-0.15893211528846446
0.0020000000000000018	-0.1538289568096916
0.0030000000000001137	-0.14924862040547493
0.0040000000000000036	-0.14500765436673674
0.0050000000000001155	-0.14101893052257314
0.006000000000000005	-0.1372311308349085
0.007000000000000117	-0.13361034551140683
0.008000000000000007	-0.13013247300977343
0.009000000000000119	-0.12677949221344814
0.010000000000000009	-0.12353741479654173
0.01100000000000012	-0.1203950656022112
0.01200000000000001	-0.11734331039923673
0.013000000000000123	-0.11437454289705196
0.014000000000000012	-0.11148233054552031
0.015000000000000124	-0.10866116204766596
0.016000000000000014	-0.10590626249602242
0.017000000000000126	-0.10321345489839828
0.018000000000000016	-0.1005790543948602
0.019000000000000128	-0.09799978605058274
0.020000000000000018	-0.09547272000000706
0.02100000000000013	-0.09299521959299711
0.02200000000000002	-0.09056489943922202
0.02300000000000013	-0.08817959109394502
0.02400000000000002	-0.08583731472365425
0.02499999999999991	-0.08353625549980026
0.026000000000000023	-0.0812747437767854
0.026999999999999913	-0.07905123832208977
0.028000000000000025	-0.0768643120347457
0.028999999999999915	-0.07471263970626763
0.030000000000000027	-0.07259498747138049
0.030999999999999917	-0.0705102036666882
0.03200000000000003	-0.06845721087009415
0.03299999999999992	-0.06643499893630295
0.03400000000000003	-0.06444261887651753
0.03499999999999992	-0.06247917745989234
0.03600000000000003	-0.060543832431168176
0.03699999999999992	-0.05863578826080251
0.038000000000000034	-0.05675429235470736
0.038999999999999924	-0.054898631663098385
0.040000000000000036	-0.053068129637454
0.040999999999999925	-0.05126214349168556
0.04200000000000004	-0.0494800617310826
0.04299999999999993	-0.04772130191624957
0.04400000000000004	-0.04598530863577077
0.04499999999999993	-0.044271551662394715
0.04600000000000004	-0.04257952427403583
0.04699999999999993	-0.04090874172020981
0.04800000000000004	-0.03925873981945116
0.04899999999999993	-0.03762907367351487
0.050000000000000044	-0.03601931648621237
0.050999999999999934	-0.034429058477674634
0.052000000000000046	-0.03285790588278459
0.052999999999999936	-0.03130548002724459
0.05400000000000005	-0.029771416473376222
0.05499999999999994	-0.02825536422925734
0.05600000000000005	-0.026756985014717793
0.05699999999999994	-0.02527595258115073
0.05800000000000005	-0.023811952077210985
0.05899999999999994	-0.02236467946018761
0.06000000000000005	-0.020933840946029625
0.06099999999999994	-0.019519152496262626
0.062000000000000055	-0.018120339339111835
0.06299999999999994	-0.01673713552073741
0.06400000000000006	-0.015369283485559104
0.06499999999999995	-0.014016533682516874
0.06600000000000006	-0.01267864419580128
0.06699999999999995	-0.011355380397682524
0.06800000000000006	-0.010046514622271296
0.06899999999999995	-0.008751825858352269
0.07000000000000006	-0.0074710994603057745
0.07099999999999995	-0.006204126875089422
0.07200000000000006	-0.004950705385007637
0.07299999999999995	-0.003710637864421107
0.07400000000000007	-0.0024837325501566587
0.07499999999999996	-0.00126980282455047
0.07600000000000007	-0.00006866700850877154
0.07699999999999996	0.0011198518320431616
0.07800000000000007	0.0022959260718407037
0.07899999999999996	0.0034597237012434223
0.08000000000000007	0.004611408492829261
0.08099999999999996	0.005751140159390489
0.08200000000000007	0.006879074504242466
0.08299999999999996	0.007995363564383073
0.08400000000000007	0.009100155746320726
0.08499999999999996	0.01019359595581898
0.08600000000000008	0.011275825721502764
0.08699999999999997	0.012346983312467641
0.08800000000000008	0.013407203850317517
0.08899999999999997	0.01445661941722487
0.09000000000000008	0.015495359157722322
0.09099999999999997	0.016523549376473712
0.09200000000000008	0.017541313632293165
0.09299999999999997	0.018548772827474136
0.09400000000000008	0.019546045293197145
0.09499999999999997	0.02053324687183883
0.09600000000000009	0.021510490995273523
0.09699999999999998	0.022477888760418452
0.09800000000000009	0.02343554900124023
0.09899999999999998	0.024383578357946967
0.10000000000000009	0.025322081343382097
0.10099999999999998	0.026251160407001095
0.10200000000000009	0.02717091599619187
0.10299999999999998	0.028081446614467154
0.10400000000000009	0.028982848878764123
0.10499999999999998	0.029875217573487045
0.1060000000000001	0.030758645703074017
0.10699999999999998	0.03163322454167761
0.1080000000000001	0.03249904368257639
0.10899999999999999	0.03335619108396204
0.1100000000000001	0.03420475311447074
0.11099999999999999	0.03504481459629982
0.1120000000000001	0.03587645884673063
0.11299999999999999	0.036699767718957055
0.1140000000000001	0.037514821640284524
0.11499999999999999	0.03832169964992993
0.1160000000000001	0.03912047943540281
0.11699999999999999	0.03991123736686558
0.1180000000000001	0.04069404853132608
0.119	0.04146898676518013
0.1200000000000001	0.04223612468541821
0.121	0.042995533720406376
0.12200000000000011	0.04374728413907569
0.123	0.044491445079599234
0.12400000000000011	0.045228084576535044
0.125	0.04595726958821028
0.1260000000000001	0.046679066021732996
0.127	0.04739353875845692
0.1280000000000001	0.048100751677984444
0.129	0.04880076768181291
0.13000000000000012	0.04949364871561773
0.131	0.05017945579206062
0.13200000000000012	0.05085824901103969
0.133	0.05153008758144717
0.13400000000000012	0.05219502984052338
0.135	0.0528531332735967
0.13600000000000012	0.05350445453309699
0.137	0.0541490494566606
0.13800000000000012	0.054786973085121204
0.139	0.0554182796795486
0.14000000000000012	0.05604302273850048
0.14100000000000001	0.05666125501374014
0.14200000000000013	0.057273028526663716
0.14300000000000002	0.05787839458334976
0.14400000000000013	0.058477403789565896
0.14500000000000002	0.05907010606529206
0.14600000000000013	0.05965655065944325
0.14700000000000002	0.060236786162531475
0.14800000000000013	0.06081086052111767
0.14900000000000002	0.061378821050360355
0.15000000000000013	0.06194071444652105
0.15100000000000002	0.06249658679986775
0.15200000000000014	0.06304648360622828
0.15300000000000002	0.0635904497786291
0.15399999999999991	0.06412852965937449
0.15500000000000003	0.06466076703007906
0.15599999999999992	0.06518720512357717
0.15700000000000003	0.06570788663367116
0.15799999999999992	0.06622285372567543
0.15900000000000003	0.06673214804664929
0.15999999999999992	0.06723581073463264
0.16100000000000003	0.06773388242862316
0.16199999999999992	0.06822640327767088
0.16300000000000003	0.06871341294995864
0.16399999999999992	0.06919495064149939
0.16500000000000004	0.06967105508493271
0.16599999999999993	0.07014176455776722
0.16700000000000004	0.07060711689090654
0.16799999999999993	0.07106714947596882
0.16900000000000004	0.07152189927402536
0.16999999999999993	0.0719714028221668
0.17100000000000004	0.07241569624212879
0.17199999999999993	0.07285481524665866
0.17300000000000004	0.07328879514673409
0.17399999999999993	0.07371767085886799
0.17500000000000004	0.0741414769119153
0.17599999999999993	0.07456024745316925
0.17700000000000005	0.07497401625529687
0.17799999999999994	0.07538281672253389
0.17900000000000005	0.07578668189678245
0.17999999999999994	0.07618564446384846
0.18100000000000005	0.0765797367592263
0.18199999999999994	0.07696899077391067
0.18300000000000005	0.07735343815999579
0.18399999999999994	0.0777331102362317
0.18500000000000005	0.07810803799363764
0.18599999999999994	0.07847825210050441
0.18700000000000006	0.07884378290776567
0.18799999999999994	0.07920466045388713
0.18900000000000006	0.07956091447015201
0.18999999999999995	0.07991257438503907
0.19100000000000006	0.08025966932956546
0.19199999999999995	0.08060222814136458
0.19300000000000006	0.08094027936966114
0.19399999999999995	0.08127385127953313
0.19500000000000006	0.08160297185641785
0.19599999999999995	0.08192766881027452
0.19700000000000006	0.0822479695797918
0.19799999999999995	0.08256390133653668
0.19900000000000007	0.08287549098896185
0.19999999999999996	0.08318276518662693
0.20100000000000007	0.0834857503233386
0.20199999999999996	0.08378447254176913
0.20300000000000007	0.08407895773673951
0.20399999999999996	0.08436923155888504
0.20500000000000007	0.0846553194182515
0.20599999999999996	0.08493724648798978
0.20700000000000007	0.0852150377075388
0.20799999999999996	0.08548871778602207
0.20900000000000007	0.08575831120562993
0.20999999999999996	0.08602384222483128
0.21100000000000008	0.08628533488168433
0.21199999999999997	0.0865428129967929
0.21300000000000008	0.08679630017619111
0.21399999999999997	0.08704581981493853
0.21500000000000008	0.08729139509935152
0.21599999999999997	0.08753304901032827
0.21700000000000008	0.08777080432617734
0.21799999999999997	0.08800468362525987
0.21900000000000008	0.08823470928863414
0.21999999999999997	0.08846090350328023
0.22100000000000009	0.08868328826372074
0.22199999999999998	0.08890188537585747
0.2230000000000001	0.08911671645846375
0.22399999999999998	0.0893278029464098
0.2250000000000001	0.08953516609243972
0.22599999999999998	0.08973882697022689
0.2270000000000001	0.08993880647641933
0.22799999999999998	0.09013512533270135
0.2290000000000001	0.09032780408894803
0.22999999999999998	0.09051686312426221
0.2310000000000001	0.09070232265037148
0.23199999999999998	0.0908842027127505
0.2330000000000001	0.09106252319357694
0.23399999999999999	0.0912373038132947
0.2350000000000001	0.09140856413295839
0.236	0.09157632355618095
0.2370000000000001	0.09174060133085243
0.238	0.09190141655161294
0.2390000000000001	0.09205878816128799
0.24	0.09221273495304849
0.2410000000000001	0.09236327557241486
0.242	0.09251042851853492
0.2430000000000001	0.09265421214647329
0.244	0.09279464466888693
0.2450000000000001	0.0929317441574476
0.246	0.09306552854505706
0.2470000000000001	0.09319601562726998
0.248	0.09332322306381285
0.2490000000000001	0.0934471683804044
0.25	0.09356786897027503
0.2510000000000001	0.09368534209583007
0.252	0.09379960489017042
0.2530000000000001	0.09391067435841355
0.254	0.09401856737966957
0.2550000000000001	0.09412330070792169
0.256	0.09422489097386005
0.2570000000000001	0.09432335468657188
0.258	0.09441870823408266
0.2590000000000001	0.0945109678856147
0.26	0.09460014979261067
0.2610000000000001	0.09468626998998425
0.262	0.094769344397655
0.2630000000000001	0.09484938882165622
0.264	0.0949264189555567
0.2650000000000001	0.09500045038172528
0.266	0.09507149857251018
0.2670000000000001	0.09513957889153224
0.268	0.09520470659476521
0.26900000000000013	0.09526689683180001
0.27	0.09532616464736593
0.27100000000000013	0.095382524981799
0.272	0.09543599267274788
0.27300000000000013	0.09548658245588348
0.274	0.09553430896652021
0.27500000000000013	0.09557918674014071
0.276	0.09562123021393143
0.27700000000000014	0.09566045372752102
0.278	0.09569687152418838
0.27900000000000014	0.09573049775181502
0.28	0.09576134646410717
0.2809999999999999	0.0957894316211923
0.28200000000000003	0.09581476709101205
0.2829999999999999	0.09583736665003284
0.28400000000000003	0.09585724398439649
0.2849999999999999	0.09587441269044683
0.28600000000000003	0.09588888627644848
0.2869999999999999	0.09590067816278608
0.28800000000000003	0.09590980168312968
0.2889999999999999	0.09591627008518744
0.29000000000000004	0.09592009653192873
0.2909999999999999	0.09592129410202349
0.29200000000000004	0.09591987579125016
0.2929999999999999	0.09591585451255163
0.29400000000000004	0.09590924309779808
0.29499999999999993	0.09590005429771548
0.29600000000000004	0.09588830078333527
0.29699999999999993	0.09587399514660555
0.29800000000000004	0.09585714990090244
0.29899999999999993	0.0958377774823232
0.30000000000000004	0.09581589025012754
0.30099999999999993	0.0957915004873755
0.30200000000000005	0.09576462040203798
0.30299999999999994	0.09573526212756328
0.30400000000000005	0.0957034377233899
0.30499999999999994	0.09566915917608276
0.30600000000000005	0.09563243839968905
0.30699999999999994	0.09559328723676086
0.30800000000000005	0.09555171745856861
0.30899999999999994	0.09550774076630875
0.31000000000000005	0.09546136879153083
0.31099999999999994	0.09541261309676152
0.31200000000000006	0.0953614851761026
0.31299999999999994	0.09530799645629606
0.31400000000000006	0.09525215829672462
0.31499999999999995	0.09519398199059087
0.31600000000000006	0.0951334787653294
0.31699999999999995	0.09507065978299101
0.31800000000000006	0.09500553614149204
0.31899999999999995	0.09493811887436032
0.32000000000000006	0.0948684189521688
0.32099999999999995	0.09479644728242287
0.32200000000000006	0.09472221471045544
0.32299999999999995	0.09464573202029375
0.32400000000000007	0.09456700993464501
0.32499999999999996	0.09448605911562108
0.32600000000000007	0.09440289016569126
0.32699999999999996	0.09431751362766722
0.32800000000000007	0.09422993998565582
0.32899999999999996	0.09414017966545662
0.33000000000000007	0.09404824303480319
0.33099999999999996	0.09395414040428784
0.3320000000000001	0.09385788202791479
0.33299999999999996	0.09375947810312918
0.3340000000000001	0.09365893877165504
0.33499999999999996	0.09355627412000722
0.3360000000000001	0.09345149417983278
0.33699999999999997	0.09334460892867769
0.3380000000000001	0.09323562828974541
0.33899999999999997	0.0931245621332758
0.3400000000000001	0.09301142027672943
0.34099999999999997	0.09289621248477331
0.3420000000000001	0.0927789484701339
0.34299999999999997	0.09265963789409415
0.3440000000000001	0.09253829036684907
0.345	0.09241491544800295
0.3460000000000001	0.09228952264644136
0.347	0.0921621214220083
0.3480000000000001	0.09203272118455369
0.349	0.0919013312952412
0.3500000000000001	0.0917679610666901
0.351	0.09163261976328801
0.3520000000000001	0.09149531660175925
0.353	0.09135606075139202
0.3540000000000001	0.0912148613346499
0.355	0.09107172742738484
0.3560000000000001	0.09092666805932031
0.357	0.0907796922144205
0.3580000000000001	0.09063080883114671
0.359	0.0904800268029542
0.3600000000000001	0.09032735497871858
0.361	0.09017280216309176
0.3620000000000001	0.09001637711644384
0.363	0.08985808855602972
0.3640000000000001	0.08969794515547641
0.365	0.08953595554583577
0.3660000000000001	0.0893721283154979
0.367	0.08920647201061865
0.3680000000000001	0.08903899513558783
0.369	0.08886970615328571
0.3700000000000001	0.0886986134854088
0.371	0.08852572551266996
0.3720000000000001	0.08835105057549403
0.373	0.08817459697384739
0.3740000000000001	0.0879963729680055
0.375	0.08781638677849624
0.3760000000000001	0.08763464658675302
0.377	0.08745116053502988
0.3780000000000001	0.08726593672715499
0.379	0.0870789832283167
0.3800000000000001	0.08689030806598785
0.381	0.08669991922962755
0.3820000000000001	0.08650782467130541
0.383	0.08631403230587331
0.3840000000000001	0.08611855001122021
0.385	0.08592138562881307
0.3860000000000001	0.08572254696361054
0.387	0.0855220417845472
0.3880000000000001	0.08531987782468903
0.389	0.08511606278177375
0.3900000000000001	0.08491060431816866
0.391	0.08470351006123905
0.3920000000000001	0.0844947876035338
0.393	0.08428444450341055
0.39400000000000013	0.08407248828486491
0.395	0.08385892643792847
0.39600000000000013	0.0836437664188251
0.397	0.08342701565052524
0.39800000000000013	0.08320868152280281
0.399	0.08298877139220656
0.40000000000000013	0.08276729258292714
0.401	0.08254425238638469
0.40200000000000014	0.08231965806188318
0.403	0.08209351683670907
0.40400000000000014	0.08186583590643032
0.405	0.0816366224350808
0.40600000000000014	0.08140588355511791
0.40700000000000003	0.08117362636836056
0.4079999999999999	0.08093985794542014
0.40900000000000003	0.08070458532631214
0.4099999999999999	0.08046781552072635
0.41100000000000003	0.08022955550812566
0.4119999999999999	0.07998981223798807
0.41300000000000003	0.07974859262990619
0.4139999999999999	0.07950590357407022
0.41500000000000004	0.07926175193123958
0.4159999999999999	0.07901614453299882
0.41700000000000004	0.07876908818187117
0.4179999999999999	0.0785205896520434
0.41900000000000004	0.07827065568865538
0.41999999999999993	0.07801929300878008
0.42100000000000004	0.07776650830143844
0.42199999999999993	0.07751230822749983
0.42300000000000004	0.07725669942000829
0.42399999999999993	0.0769996884847799
0.42500000000000004	0.07674128200003355
0.42599999999999993	0.07648148651673109
0.42700000000000005	0.0762203085590758
0.42799999999999994	0.0759577546241278
0.42900000000000005	0.07569383118267159
0.42999999999999994	0.0754285446789168
0.43100000000000005	0.07516190153047075
0.43199999999999994	0.07489390812946062
0.43300000000000005	0.07462457084169466
0.43399999999999994	0.07435389600716036
0.43500000000000005	0.07408188994073428
0.43599999999999994	0.07380855893128696
0.43700000000000006	0.07353390924296249
0.43799999999999994	0.07325794711470862
0.43900000000000006	0.07298067876039088
0.43999999999999995	0.07270211036933277
0.44100000000000006	0.0724222481064008
0.44199999999999995	0.07214109811180541
0.44300000000000006	0.07185866650154227
0.44399999999999995	0.07157495936785963
0.44500000000000006	0.07128998277873455
0.44599999999999995	0.07100374277839716
0.44700000000000006	0.07071624538774313
0.44799999999999995	0.07042749660379449
0.44900000000000007	0.07013750240077843
0.44999999999999996	0.06984626872937488
0.45100000000000007	0.0695538015174979
0.45199999999999996	0.06926010666989785
0.45300000000000007	0.06896519006898544
0.45399999999999996	0.06866905757460473
0.45500000000000007	0.06837171502374828
0.45599999999999996	0.06807316823153836
0.4570000000000001	0.06777342299101352
0.45799999999999996	0.06747248507281578
0.4590000000000001	0.06717036022604356
0.45999999999999996	0.06686705417829414
0.4610000000000001	0.06656257263503851
0.46199999999999997	0.06625692128071548
0.4630000000000001	0.06595010577840482
0.46399999999999997	0.06564213176991268
0.4650000000000001	0.06533300487608423
0.46599999999999997	0.06502273069684572
0.4670000000000001	0.06471131481139047
0.46799999999999997	0.06439876277826279
0.4690000000000001	0.06408508013541547
0.47	0.06377027240035216
0.4710000000000001	0.06345434507065234
0.472	0.06313730362329001
0.4730000000000001	0.06281915351558548
0.474	0.0624999001849495
0.4750000000000001	0.06217954904868428
0.476	0.06185810550496457
0.4770000000000001	0.06153557493189882
0.478	0.061211962688681176
0.4790000000000001	0.06088727411476663
0.48	0.06056151453090869
0.4810000000000001	0.060234689238349404
0.482	0.05990680351955774
0.4830000000000001	0.059577862638344636
0.484	0.05924787183964797
0.4850000000000001	0.05891683634974754
0.486	0.058584761376647365
0.4870000000000001	0.05825165210960742
0.488	0.057917513720039004
0.4890000000000001	0.05758235136086476
0.49	0.057246170167073285
0.4910000000000001	0.05690897525574751
0.492	0.05657077172622088
0.4930000000000001	0.05623156465975043
0.494	0.05589135912011406
0.4950000000000001	0.055550160153879924
0.496	0.05520797278961137
0.4970000000000001	0.05486480203907418
0.498	0.05452065289641256
0.4990000000000001	0.05417553033903055
0.5	0.05382943932689441
0.5010000000000001	0.05348238480337503
0.502	0.053134371694842863
0.5030000000000001	0.05278540491090217
0.504	0.0524354893447716
0.5050000000000001	0.05208462987278678
0.506	0.051732831355168596
0.5070000000000001	0.05138009863538323
0.508	0.0510264365411367
0.5090000000000001	0.05067184988355111
0.51	0.05031634345797448
0.5110000000000001	0.04995992204342614
0.512	0.049602590403436175
0.5130000000000001	0.049244353285447406
0.514	0.048885215421313244
0.5150000000000001	0.0485251815272556
0.516	0.048164256303792785
0.5170000000000001	0.047802444436266245
0.518	0.047439750594555685
0.5190000000000001	0.047076179433065246
0.52	0.046711735591291936
0.5210000000000001	0.04634642369351255
0.522	0.04598024834879866
0.5230000000000001	0.04561321415158409
0.524	0.045245325681268045
0.5250000000000001	0.04487658750248408
0.526	0.04450700416530001
0.5270000000000001	0.04413658020496153
0.528	0.04376532014236101
0.5290000000000001	0.0433932284835834
0.53	0.04302030972102833
0.5310000000000001	0.04264656833198954
0.532	0.04227200878013215
0.5330000000000001	0.041896635514683145
0.534	0.0415204529709286
0.5350000000000001	0.041143465570000426
0.536	0.04076567771938833
0.5369999999999999	0.04038709381251271
0.538	0.04000771822902427
0.5389999999999999	0.039627555335029985
0.54	0.039246609482923744
0.5409999999999999	0.03886488501144286
0.542	0.03848238624613626
0.5429999999999999	0.038099117498840096
0.544	0.03771508306837296
0.5449999999999999	0.037330287239839666
0.546	0.03694473428568379
0.5469999999999999	0.036558428464790904
0.548	0.03617137402314374
0.5489999999999999	0.03578357519397729
0.55	0.03539503619721113
0.5509999999999999	0.03500576124008897
0.552	0.034615754517106745
0.5529999999999999	0.034225020210056356
0.554	0.03383356248792546
0.5549999999999999	0.03344138550736658
0.556	0.03304849341224225
0.5569999999999999	0.032654890334293585
0.558	0.03226058039238627
0.5589999999999999	0.03186556769346288
0.56	0.03146985633214555
0.5609999999999999	0.031073450390706803
0.562	0.030676353939396772
0.563	0.030278571036286728
0.5640000000000001	0.02988010572752514
0.565	0.029480962047280845
0.5660000000000001	0.029081144017998273
0.567	0.028680655649772624
0.5680000000000001	0.028279500941586433
0.569	0.02787768388020062
0.5700000000000001	0.027475208441121113
0.571	0.027072078587760284
0.5720000000000001	0.02666829827254552
0.573	0.02626387143600961
0.5740000000000001	0.025858802007473036
0.575	0.025453093904759416
0.5760000000000001	0.02504675103472187
0.577	0.024639777292332687
0.5780000000000001	0.024232176561934993
0.579	0.023823952716559516
0.5800000000000001	0.02341510961791099
0.581	0.023005651117178116
0.5820000000000001	0.022595581054138447
0.583	0.022184903257584043
0.5840000000000001	0.021773621545833788
0.585	0.02136173972612193
0.5860000000000001	0.020949261595109903
0.587	0.020536190938402976
0.5880000000000001	0.020122531531346077
0.589	0.019708287138341662
0.5900000000000001	0.019293461513560428
0.591	0.0188780584003585
0.5920000000000001	0.01846208153193135
0.593	0.018045534630801774
0.5940000000000001	0.017628421409289163
0.595	0.01721074556941027
0.5960000000000001	0.01679251080290689
0.597	0.016373720791260926
0.5980000000000001	0.015954379205921132
0.599	0.015534489708019128
0.6000000000000001	0.015114055949008998
0.601	0.014693081569856992
0.6020000000000001	0.014271570201951411
0.603	0.013849525466576307
0.6040000000000001	0.013426950975082563
0.605	0.013003850329299682
0.6060000000000001	0.01258022712091017
0.607	0.012156084932104239
0.6080000000000001	0.011731427335493372
0.609	0.01130625789357137
0.6100000000000001	0.010880580159764952
0.611	0.01045439767768147
0.6120000000000001	0.010027713981449249
0.613	0.009600532595832045
0.6140000000000001	0.009172857036199633
0.615	0.008744690808159261
0.6160000000000001	0.008316037408592714
0.617	0.007886900324561574
0.6180000000000001	0.007457283034402351
0.619	0.007027189006702572
0.6200000000000001	0.0065966217013671
0.621	0.0061655845688359245
0.6220000000000001	0.005734081050667861
0.623	0.005302114579368633
0.6240000000000001	0.004869688578420517
0.625	0.004436806462309817
0.6260000000000001	0.0040034716366841305
0.627	0.0035696874984509908
0.6280000000000001	0.0031354574351955544
0.629	0.0027007848263460033
0.6300000000000001	0.0022656730423352145
0.631	0.0018301254445285964
0.6320000000000001	0.001394145386206913
0.633	0.0009577362117534904
0.6340000000000001	0.0005209012568840321
0.635	0.00008364384882952879
0.6360000000000001	-0.0003540326937052085
0.637	-0.000792125060356863
0.6380000000000001	-0.0012306299494174722
0.639	-0.001669544067520068
0.6400000000000001	-0.0021088641295690658
0.641	-0.0025485868587817317
0.6420000000000001	-0.0029887089868882444
0.643	-0.00342922725363326
0.6440000000000001	-0.0038701384070610745
0.645	-0.004311439203415368
0.6460000000000001	-0.004753126407040287
0.647	-0.005195196790607315
0.6480000000000001	-0.0056376471343627665
0.649	-0.006080474227065036
0.6500000000000001	-0.006523674865430873
0.651	-0.006967245853822135
0.6520000000000001	-0.007411184004914528
0.653	-0.007855486139057344
0.6540000000000001	-0.008300149084387753
0.655	-0.008745169677171316
0.6560000000000001	-0.009190544761290997
0.657	-0.009636271188360357
0.6580000000000001	-0.010082345817654714
0.659	-0.010528765516436944
0.6600000000000001	-0.010975527159448384
0.661	-0.011422627628948079
0.6620000000000001	-0.011870063814982623
0.663	-0.012317832615123647
0.6640000000000001	-0.012765930934438896
0.665	-0.01321435568547813
0.6659999999999999	-0.013663103788209396
0.667	-0.01411217217033156
0.6679999999999999	-0.014561557766449795
0.669	-0.015011257519113752
0.6699999999999999	-0.015461268377715276
0.671	-0.015911587299298813
0.6719999999999999	-0.01636221124802878
0.673	-0.01681313719525307
0.6739999999999999	-0.01726436211985166
0.675	-0.017715883007511368
0.6759999999999999	-0.01816769685137276
0.677	-0.01861980065156832
0.6779999999999999	-0.01907219141522931
0.679	-0.019524866156777343
0.6799999999999999	-0.019977821897569192
0.681	-0.020431055665974474
0.6819999999999999	-0.02088456449736159
0.683	-0.02133834543403479
0.6839999999999999	-0.021792395525303376
0.685	-0.022246711827120624
0.6859999999999999	-0.022701291402680734
0.687	-0.023156131321749984
0.688	-0.023611228660965933
0.6890000000000001	-0.024066580503787294
0.69	-0.024522183940359377
0.6910000000000001	-0.02497803606771959
0.692	-0.02543413398947797
0.6930000000000001	-0.025890474815838338
0.694	-0.026347055663733965
0.6950000000000001	-0.026803873656869093
0.696	-0.02726092592539292
0.6970000000000001	-0.027718209605920863
0.698	-0.02817572184167605
0.6990000000000001	-0.028633459782617887
0.7	-0.029091420584944627
0.7010000000000001	-0.02954960141130586
0.702	-0.030007999430881505
0.7030000000000001	-0.030466611819360168
0.704	-0.03092543575849832
0.7050000000000001	-0.03138446843692355
0.706	-0.03184370704901912
0.7070000000000001	-0.03230314879567686
0.708	-0.032762790884382276
0.7090000000000001	-0.03322263052845481
0.71	-0.03368266494761579
0.7110000000000001	-0.03414289136794635
0.712	-0.034603307021453145
0.7130000000000001	-0.03506390914636753
0.714	-0.035524694987223604
0.7150000000000001	-0.03598566179441709
0.716	-0.03644680682463253
0.7170000000000001	-0.036908127340529895
0.718	-0.037369620610816334
0.7190000000000001	-0.0378312839101958
0.72	-0.03829311451929818
0.7210000000000001	-0.03875510972496382
0.722	-0.0392172668198309
0.7230000000000001	-0.039679583102258
0.724	-0.040142055876834726
0.7250000000000001	-0.040604682453920904
0.726	-0.04106746014963847
0.7270000000000001	-0.04153038628590766
0.728	-0.0419934581906814
0.7290000000000001	-0.04245667319749763
0.73	-0.042920028645677566
0.7310000000000001	-0.043383521880533515
0.732	-0.04384715025257796
0.7330000000000001	-0.04431091111869051
0.734	-0.04477480184076721
0.7350000000000001	-0.04523881978677208
0.736	-0.04570296233019716
0.7370000000000001	-0.04616722685022656
0.738	-0.04663161073146538
0.7390000000000001	-0.04709611136403974
0.74	-0.04756072614408746
0.7410000000000001	-0.04802545247259199
0.742	-0.04849028775660508
0.7430000000000001	-0.04895522940837227
0.744	-0.04942027484563938
0.7450000000000001	-0.049885421491722315
0.746	-0.050350666775195785
0.7470000000000001	-0.05081600813019033
0.748	-0.05128144299608095
0.7490000000000001	-0.05174696881771357
0.75	-0.05221258304513543
0.7510000000000001	-0.05267828313391498
0.752	-0.05314406654476472
0.7530000000000001	-0.05360993074387582
0.754	-0.05407587320232099
0.7550000000000001	-0.054541891396714726
0.756	-0.05500798280906549
0.7570000000000001	-0.05547414492610625
0.758	-0.05594037524004869
0.7590000000000001	-0.05640667124832671
0.76	-0.056873030453391316
0.7610000000000001	-0.057339450362823174
0.762	-0.05780592848934751
0.7630000000000001	-0.058272462350834164
0.764	-0.05873904947012659
0.7650000000000001	-0.05920568737524107
0.766	-0.05967237359902616
0.7670000000000001	-0.060139105679587856
0.768	-0.06060588115986443
0.7690000000000001	-0.06107269758790951
0.77	-0.061539552516524154
0.7710000000000001	-0.06200644350375245
0.772	-0.06247336811231469
0.7730000000000001	-0.06294032390997534
0.774	-0.06340730846923165
0.7750000000000001	-0.06387431936773946
0.776	-0.06434135418781584
0.7770000000000001	-0.06480841051648145
0.778	-0.06527548594583071
0.7790000000000001	-0.06574257807286071
0.78	-0.06620968449891707
0.7810000000000001	-0.06667680283034766
0.782	-0.06714393067847457
0.7830000000000001	-0.06761106565905345
0.784	-0.06807820539258647
0.7850000000000001	-0.06854534750449298
0.786	-0.06901248962461198
0.7870000000000001	-0.06947962938762825
0.788	-0.06994676443283138
0.7890000000000001	-0.07041389240418583
0.79	-0.07088101095013322
0.7910000000000001	-0.07134811772384692
0.792	-0.07181521038316169
0.7929999999999999	-0.07228228659023289
0.794	-0.07274934401208955
0.7949999999999999	-0.07321638031983996
0.796	-0.07368339318977912
0.7969999999999999	-0.07415038030208154
0.798	-0.07461733934181092
0.7989999999999999	-0.07508426799823681
0.8	-0.07555116396530448
0.8009999999999999	-0.0760180249413363
0.802	-0.07648484862908855
0.8029999999999999	-0.07695163273560918
0.804	-0.07741837497250764
0.8049999999999999	-0.0778850730556998
0.806	-0.07835172470554941
0.8069999999999999	-0.07881832764665514
0.808	-0.07928487960804947
0.8089999999999999	-0.07975137832302831
0.81	-0.08021782152925033
0.8109999999999999	-0.08068420696862338
0.812	-0.08115053238733294
0.813	-0.08161679553587009
0.8140000000000001	-0.08208299416898979
0.815	-0.08254912604562475
0.8160000000000001	-0.08301518892897092
0.817	-0.08348118058638831
0.8180000000000001	-0.08394709878951467
0.819	-0.08441294131406563
0.8200000000000001	-0.08487870594003533
0.821	-0.08534439045141051
0.8220000000000001	-0.08580999263644162
0.823	-0.08627551028738639
0.8240000000000001	-0.08674094120089398
0.825	-0.0872062831773654
0.8260000000000001	-0.08767153402133682
0.827	-0.08813669154176407
0.8280000000000001	-0.08860175355121291
0.829	-0.08906671786645548
0.8300000000000001	-0.08953158230831376
0.831	-0.08999634470183121
0.8320000000000001	-0.09046100287550363
0.833	-0.09092555466248875
0.8340000000000001	-0.09138999789925539
0.835	-0.0918543304267061
0.8360000000000001	-0.09231855008959455
0.837	-0.09278265473649772
0.8380000000000001	-0.09324664221991424
0.839	-0.09371051039653538
0.8400000000000001	-0.09417425712646316
0.841	-0.0946378802740484
0.8420000000000001	-0.09510137770739396
0.843	-0.09556474729843972
0.8440000000000001	-0.09602798692310421
0.845	-0.09649109446097326
0.8460000000000001	-0.09695406779555432
0.847	-0.09741690481413506
0.8480000000000001	-0.09787960340759894
0.849	-0.09834216147109248
0.8500000000000001	-0.09880457690310179
0.851	-0.0992668476060356
0.8520000000000001	-0.09972897148586923
0.853	-0.10019094645278476
0.8540000000000001	-0.10065277042014731
0.855	-0.1011144413052163
0.8560000000000001	-0.10157595702918737
0.857	-0.10203731551659562
0.8580000000000001	-0.10249851469585614
0.859	-0.10295955249887956
0.8600000000000001	-0.10342042686152775
0.861	-0.10388113572293067
0.8620000000000001	-0.10434167702616937
0.863	-0.10480204871776361
0.8640000000000001	-0.10526224874770096
0.865	-0.10572227506996229
0.8660000000000001	-0.10618212564174007
0.867	-0.1066417984239929
0.8680000000000001	-0.10710129138117502
0.869	-0.10756060248127974
0.8700000000000001	-0.10801972969578172
0.871	-0.10847867099993597
0.8720000000000001	-0.10893742437212389
0.873	-0.10939598779450693
0.8740000000000001	-0.10985435925265757
0.875	-0.11031253673561559
0.8760000000000001	-0.11077051823608736
0.877	-0.11122830174973458
0.8780000000000001	-0.11168588527629875
0.879	-0.11214326681839093
0.8800000000000001	-0.11260044438248823
0.881	-0.11305741597825086
0.8820000000000001	-0.11351417961876392
0.883	-0.11397073332065105
0.8840000000000001	-0.11442707510367683
0.885	-0.11488320299114402
0.8860000000000001	-0.11533911500975225
0.887	-0.11579480918938412
0.8880000000000001	-0.11625028356351796
0.889	-0.11670553616867302
0.8900000000000001	-0.11716056504486488
0.891	-0.11761536823544816
0.8920000000000001	-0.11806994378700414
0.893	-0.118524289749382
0.8940000000000001	-0.11897840417575689
0.895	-0.11943228512255799
0.8960000000000001	-0.11988593064954
0.897	-0.12033933881956982
0.8980000000000001	-0.12079250769895356
0.899	-0.12124543535709525
0.9000000000000001	-0.12169811986648299
0.901	-0.12215055930312885
0.9020000000000001	-0.12260275174612939
0.903	-0.12305469527750773
0.9040000000000001	-0.12350638798294017
0.905	-0.12395782795093074
0.9060000000000001	-0.12440901327320897
0.907	-0.12485994204481626
0.9080000000000001	-0.12531061236369279
0.909	-0.12576102233116088
0.9100000000000001	-0.12621117005139987
0.911	-0.1266610536319563
0.9120000000000001	-0.12711067118334746
0.913	-0.12756002081925977
0.9140000000000001	-0.1280091006563493
0.915	-0.1284579088144986
0.9160000000000001	-0.12890644341657426
0.917	-0.12935470258851262
0.9180000000000001	-0.12980268445930543
0.919	-0.13025038716088605
0.9199999999999999	-0.13069780882854193
0.921	-0.13114494760016077
0.9219999999999999	-0.13159180161702722
0.923	-0.1320383690230973
0.9239999999999999	-0.13248464796561005
0.925	-0.1329306365945186
0.9259999999999999	-0.13337633306308766
0.927	-0.13382173552719634
0.9279999999999999	-0.13426684214589324
0.929	-0.13471165108125388
0.9299999999999999	-0.13515616049806795
0.931	-0.13560036856425178
0.9319999999999999	-0.1360442734505638
0.933	-0.13648787333061901
0.9339999999999999	-0.1369311663811449
0.935	-0.13737415078155435
0.9359999999999999	-0.13781682471434448
0.937	-0.13825918636471235
0.938	-0.13870123392074002
0.9390000000000001	-0.13914296557359357
0.94	-0.13958437951715275
0.9410000000000001	-0.14002547394812614
0.942	-0.14046624706613525
0.9430000000000001	-0.140906697073516
0.944	-0.14134682217551742
0.9450000000000001	-0.1417866205802596
0.946	-0.14222609049864765
0.9470000000000001	-0.1426652301443297
0.948	-0.1431040377336824
0.9490000000000001	-0.1435425114859813
0.95	-0.14398064962335883
0.9510000000000001	-0.14441845037063283
0.952	-0.14485591195532166
0.9530000000000001	-0.14529303260779997
0.954	-0.14572981056092948
0.9550000000000001	-0.14616624405079787
0.956	-0.1466023313158233
0.9570000000000001	-0.14703807059728036
0.958	-0.14747346013908735
0.9590000000000001	-0.14790849818810398
0.96	-0.14834318299356303
0.9610000000000001	-0.1487775128076111
0.962	-0.1492114858849241
0.9630000000000001	-0.14964510048310542
0.964	-0.15007835486213195
0.9650000000000001	-0.15051124728486515
0.966	-0.15094377601675324
0.9670000000000001	-0.15137593932575966
0.968	-0.15180773548269
0.9690000000000001	-0.15223916276096533
0.97	-0.15267021943640746
0.9710000000000001	-0.15310090378772373
0.972	-0.15353121409609433
0.9730000000000001	-0.15396114864539912
0.974	-0.15439070572186314
0.9750000000000001	-0.1548198836146389
0.976	-0.1552486806152807
0.9770000000000001	-0.15567709501778693
0.978	-0.15610512511911206
0.9790000000000001	-0.1565327692184703
0.98	-0.15696002561763361
0.9810000000000001	-0.15738689262098904
0.982	-0.1578133685354533
0.9830000000000001	-0.15823945167045816
0.984	-0.15866514033815016
0.9850000000000001	-0.1590904328527361
0.986	-0.1595153275314929
0.9870000000000001	-0.15993982269371476
0.988	-0.16036391666160987
0.9890000000000001	-0.16078760775948941
0.99	-0.1612108943144358
0.9910000000000001	-0.16163377465594736
0.992	-0.16205624711581046
0.9930000000000001	-0.16247831002868207
0.994	-0.16289996173105248
0.9950000000000001	-0.1633212005625101
0.996	-0.163742024864647
0.9970000000000001	-0.16416243298165611
0.998	-0.1645824232602171
0.9990000000000001	-0.16500199404929772
1.	-0.16542114370038136